blockName counter targetLR setSize isi cueUcOrLc congr competing preivewOrNot keyPressed keyStatus rt NA
prc 5 7 9 50 15 1 1 0 1 7 1 1064
prc 2 1 3 50 15 1 1 0 1 1 1 751
prc 8 1 3 400 15 1 1 0 1 1 1 734
prc 9 7 7 400 15 1 1 0 1 7 1 596
prc 3 7 7 50 15 1 1 0 1 7 1 618
prc 11 7 9 400 15 1 1 0 1 7 1 626
prc 10 1 7 400 15 1 1 0 1 1 1 824
prc 7 7 3 400 15 1 1 0 1 7 1 425
prc 1 7 3 50 15 1 1 0 1 7 1 408
prc 12 1 9 400 15 1 1 0 1 1 1 743
prc 6 1 9 50 15 1 1 0 1 7 2 631
prc 4 1 7 50 15 1 1 0 1 1 1 551
block1 14 1 3 50 15 1 1 0 1 1 1 570
block1 23 7 9 400 15 1 1 0 1 7 1 783
block1 19 7 3 400 15 1 1 0 1 7 1 498
block1 13 7 3 50 15 1 1 0 1 7 1 508
block1 20 1 3 400 15 1 1 0 1 1 1 331
block1 21 7 7 400 15 1 1 0 1 7 1 460
block1 22 1 7 400 15 1 1 0 1 1 1 908
block1 15 7 7 50 15 1 1 0 1 7 1 452
block1 18 1 9 50 15 1 1 0 1 1 1 961
block1 17 7 9 50 15 1 1 0 1 7 1 608
block1 24 1 9 400 15 1 1 0 1 7 2 595
block1 16 1 7 50 15 1 1 0 1 1 1 501
block1 33 7 7 400 15 1 1 0 1 7 1 544
block1 29 7 9 50 15 1 1 0 1 7 1 516
block1 25 7 3 50 15 1 1 0 1 7 1 443
block1 32 1 3 400 15 1 1 0 1 1 1 483
block1 36 1 9 400 15 1 1 0 1 1 1 624
block1 35 7 9 400 15 1 1 0 1 7 1 942
block1 30 1 9 50 15 1 1 0 1 1 1 1067
block1 26 1 3 50 15 1 1 0 1 1 1 377
block1 27 7 7 50 15 1 1 0 1 7 1 662
block1 28 1 7 50 15 1 1 0 1 1 1 573
block1 34 1 7 400 15 1 1 0 1 1 1 407
block1 31 7 3 400 15 1 1 0 1 7 1 430
block1 45 7 7 400 15 1 1 0 1 7 1 451
block1 46 1 7 400 15 1 1 0 1 1 1 550
block1 39 7 7 50 15 1 1 0 1 7 1 495
block1 42 1 9 50 15 1 1 0 1 1 1 805
block1 37 7 3 50 15 1 1 0 1 7 1 451
block1 43 7 3 400 15 1 1 0 1 7 1 498
block1 47 7 9 400 15 1 1 0 1 7 1 477
block1 48 1 9 400 15 1 1 0 1 1 1 857
block1 44 1 3 400 15 1 1 0 1 1 1 423
block1 38 1 3 50 15 1 1 0 1 1 1 358
block1 40 1 7 50 15 1 1 0 1 1 1 379
block1 41 7 9 50 15 1 1 0 1 7 1 642
block1 51 7 7 50 15 1 1 0 1 7 1 526
block1 57 7 7 400 15 1 1 0 1 7 1 597
block1 49 7 3 50 15 1 1 0 1 7 1 498
block1 59 7 9 400 15 1 1 0 1 1 2 778
block1 50 1 3 50 15 1 1 0 1 1 1 561
block1 58 1 7 400 15 1 1 0 1 1 1 651
block1 53 7 9 50 15 1 1 0 1 7 1 741
block1 60 1 9 400 15 1 1 0 1 1 1 496
block1 55 7 3 400 15 1 1 0 1 7 1 419
block1 56 1 3 400 15 1 1 0 1 1 1 365
block1 54 1 9 50 15 1 1 0 1 1 1 941
block1 52 1 7 50 15 1 1 0 1 1 1 645
block1 62 1 3 50 15 1 1 0 1 1 1 471
block1 70 1 7 400 15 1 1 0 1 1 1 596
block1 72 1 9 400 15 1 1 0 1 1 1 348
block1 66 1 9 50 15 1 1 0 1 1 1 422
block1 68 1 3 400 15 1 1 0 1 1 1 313
block1 64 1 7 50 15 1 1 0 1 1 1 238
block1 67 7 3 400 15 1 1 0 1 7 1 652
block1 61 7 3 50 15 1 1 0 1 7 1 438
block1 65 7 9 50 15 1 1 0 1 7 1 660
block1 63 7 7 50 15 1 1 0 1 7 1 432
block1 71 7 9 400 15 1 1 0 1 7 1 927
block1 69 7 7 400 15 1 1 0 1 7 1 751
block2 80 1 3 400 15 1 1 0 1 1 1 593
block2 76 1 7 50 15 1 1 0 1 1 1 790
block2 75 7 7 50 15 1 1 0 1 7 1 519
block2 83 7 9 400 15 1 1 0 1 7 1 517
block2 74 1 3 50 15 1 1 0 1 1 1 433
block2 77 7 9 50 15 1 1 0 1 7 1 782
block2 81 7 7 400 15 1 1 0 1 7 1 460
block2 73 7 3 50 15 1 1 0 1 7 1 618
block2 78 1 9 50 15 1 1 0 1 1 1 922
block2 79 7 3 400 15 1 1 0 1 7 1 408
block2 82 1 7 400 15 1 1 0 1 1 1 790
block2 84 1 9 400 15 1 1 0 1 1 1 815
block2 95 7 9 400 15 1 1 0 1 7 1 700
block2 90 1 9 50 15 1 1 0 1 1 1 648
block2 87 7 7 50 15 1 1 0 1 7 1 933
block2 96 1 9 400 15 1 1 0 1 1 1 588
block2 93 7 7 400 15 1 1 0 1 7 1 495
block2 89 7 9 50 15 1 1 0 1 1 2 675
block2 91 7 3 400 15 1 1 0 1 7 1 367
block2 88 1 7 50 15 1 1 0 1 1 1 507
block2 85 7 3 50 15 1 1 0 1 7 1 456
block2 86 1 3 50 15 1 1 0 1 1 1 430
block2 92 1 3 400 15 1 1 0 1 1 1 449
block2 94 1 7 400 15 1 1 0 1 1 1 395
block2 99 7 7 50 15 1 1 0 1 7 1 530
block2 98 1 3 50 15 1 1 0 1 1 1 497
block2 103 7 3 400 15 1 1 0 1 7 1 473
block2 105 7 7 400 15 1 1 0 1 7 1 483
block2 100 1 7 50 15 1 1 0 1 1 1 475
block2 102 1 9 50 15 1 1 0 1 1 1 717
block2 107 7 9 400 15 1 1 0 1 7 1 435
block2 108 1 9 400 15 1 1 0 1 1 1 536
block2 101 7 9 50 15 1 1 0 1 7 1 782
block2 106 1 7 400 15 1 1 0 1 1 1 491
block2 104 1 3 400 15 1 1 0 1 1 1 467
block2 97 7 3 50 15 1 1 0 1 7 1 513
block2 113 7 9 50 15 1 1 0 1 7 1 1107
block2 119 7 9 400 15 1 1 0 1 7 1 496
block2 115 7 3 400 15 1 1 0 1 7 1 486
block2 116 1 3 400 15 1 1 0 1 1 1 745
block2 120 1 9 400 15 1 1 0 1 1 1 711
block2 111 7 7 50 15 1 1 0 1 7 1 608
block2 118 1 7 400 15 1 1 0 1 1 1 688
block2 114 1 9 50 15 1 1 0 1 1 1 527
block2 109 7 3 50 15 1 1 0 1 7 1 514
block2 110 1 3 50 15 1 1 0 1 1 1 676
block2 117 7 7 400 15 1 1 0 1 7 1 776
block2 112 1 7 50 15 1 1 0 1 1 1 863
block2 130 1 7 400 15 1 1 0 1 1 1 642
block2 128 1 3 400 15 1 1 0 1 1 1 423
block2 132 1 9 400 15 1 1 0 1 1 1 452
block2 124 1 7 50 15 1 1 0 1 1 1 470
block2 123 7 7 50 15 1 1 0 1 7 1 513
block2 126 1 9 50 15 1 1 0 1 1 1 569
block2 121 7 3 50 15 1 1 0 1 1 2 521
block2 127 7 3 400 15 1 1 0 1 7 1 497
block2 131 7 9 400 15 1 1 0 1 7 1 519
block2 125 7 9 50 15 1 1 0 1 7 1 626
block2 122 1 3 50 15 1 1 0 1 1 1 452
block2 129 7 7 400 15 1 1 0 1 7 1 597
block3 138 1 9 50 15 1 1 0 1 1 1 894
block3 141 7 7 400 15 1 1 0 1 7 1 524
block3 143 7 9 400 15 1 1 0 1 7 1 544
block3 139 7 3 400 15 1 1 0 1 7 1 501
block3 133 7 3 50 15 1 1 0 1 7 1 416
block3 137 7 9 50 15 1 1 0 1 7 1 554
block3 144 1 9 400 15 1 1 0 1 1 1 627
block3 140 1 3 400 15 1 1 0 1 1 1 506
block3 134 1 3 50 15 1 1 0 1 1 1 613
block3 135 7 7 50 15 1 1 0 1 7 1 548
block3 142 1 7 400 15 1 1 0 1 1 1 730
block3 136 1 7 50 15 1 1 0 1 1 1 653
block3 156 1 9 400 15 1 1 0 1 7 2 726
block3 154 1 7 400 15 1 1 0 1 1 1 1005
block3 147 7 7 50 15 1 1 0 1 7 1 525
block3 146 1 3 50 15 1 1 0 1 1 1 556
block3 148 1 7 50 15 1 1 0 1 1 1 638
block3 145 7 3 50 15 1 1 0 1 7 1 773
block3 151 7 3 400 15 1 1 0 1 7 1 503
block3 150 1 9 50 15 1 1 0 1 1 1 848
block3 155 7 9 400 15 1 1 0 1 7 1 586
block3 149 7 9 50 15 1 1 0 1 7 1 498
block3 152 1 3 400 15 1 1 0 1 1 1 525
block3 153 7 7 400 15 1 1 0 1 7 1 518
block3 164 1 3 400 15 1 1 0 1 1 1 488
block3 159 7 7 50 15 1 1 0 1 1 2 550
block3 158 1 3 50 15 1 1 0 1 1 1 454
block3 162 1 9 50 15 1 1 0 1 1 1 714
block3 161 7 9 50 15 1 1 0 1 7 1 662
block3 168 1 9 400 15 1 1 0 1 1 1 492
block3 160 1 7 50 15 1 1 0 1 1 1 729
block3 166 1 7 400 15 1 1 0 1 1 1 498
block3 163 7 3 400 15 1 1 0 1 7 1 545
block3 165 7 7 400 15 1 1 0 1 7 1 687
block3 157 7 3 50 15 1 1 0 1 7 1 731
block3 167 7 9 400 15 1 1 0 1 7 1 632
block3 169 7 3 50 15 1 1 0 1 7 1 609
block3 170 1 3 50 15 1 1 0 1 1 1 578
block3 174 1 9 50 15 1 1 0 1 1 1 777
block3 177 7 7 400 15 1 1 0 1 7 1 651
block3 179 7 9 400 15 1 1 0 1 7 1 679
block3 178 1 7 400 15 1 1 0 1 1 1 797
block3 175 7 3 400 15 1 1 0 1 7 1 637
block3 172 1 7 50 15 1 1 0 1 1 1 653
block3 173 7 9 50 15 1 1 0 1 7 1 998
block3 176 1 3 400 15 1 1 0 1 1 1 587
block3 180 1 9 400 15 1 1 0 1 1 1 579
block3 171 7 7 50 15 1 1 0 1 7 1 612
block3 188 1 3 400 15 1 1 0 1 1 1 591
block3 190 1 7 400 15 1 1 0 1 1 1 628
block3 192 1 9 400 15 1 1 0 1 1 1 1097
block3 185 7 9 50 15 1 1 0 1 7 1 594
block3 191 7 9 400 15 1 1 0 1 7 1 657
block3 183 7 7 50 15 1 1 0 1 1 2 703
block3 189 7 7 400 15 1 1 0 1 7 1 591
block3 186 1 9 50 15 1 1 0 1 1 1 915
block3 184 1 7 50 15 1 1 0 1 1 1 637
block3 187 7 3 400 15 1 1 0 1 7 1 592
block3 181 7 3 50 15 1 1 0 1 7 1 633
block3 182 1 3 50 15 1 1 0 1 1 1 530
block4 198 1 9 50 15 1 1 0 1 1 1 662
block4 201 7 7 400 15 1 1 0 1 7 1 606
block4 203 7 9 400 15 1 1 0 1 7 1 739
block4 194 1 3 50 15 1 1 0 1 1 1 884
block4 196 1 7 50 15 1 1 0 1 1 1 622
block4 204 1 9 400 15 1 1 0 1 1 1 930
block4 202 1 7 400 15 1 1 0 1 1 1 573
block4 193 7 3 50 15 1 1 0 1 7 1 560
block4 197 7 9 50 15 1 1 0 1 7 1 840
block4 200 1 3 400 15 1 1 0 1 1 1 620
block4 199 7 3 400 15 1 1 0 1 7 1 505
block4 195 7 7 50 15 1 1 0 1 7 1 586
block4 205 7 3 50 15 1 1 0 1 7 1 607
block4 214 1 7 400 15 1 1 0 1 1 1 901
block4 209 7 9 50 15 1 1 0 1 7 1 562
block4 211 7 3 400 15 1 1 0 1 7 1 430
block4 215 7 9 400 15 1 1 0 1 7 1 1080
block4 213 7 7 400 15 1 1 0 1 7 1 685
block4 210 1 9 50 15 1 1 0 1 1 1 864
block4 208 1 7 50 15 1 1 0 1 1 1 1133
block4 212 1 3 400 15 1 1 0 1 1 1 422
block4 216 1 9 400 15 1 1 0 1 1 1 65
block4 206 1 3 50 15 1 1 0 1 1 1 375
block4 207 7 7 50 15 1 1 0 1 7 1 579
block4 221 7 9 50 15 1 1 0 1 7 1 675
block4 217 7 3 50 15 1 1 0 1 7 1 620
block4 219 7 7 50 15 1 1 0 1 7 1 1063
block4 220 1 7 50 15 1 1 0 1 1 1 729
block4 224 1 3 400 15 1 1 0 1 7 2 497
block4 223 7 3 400 15 1 1 0 1 7 1 615
block4 222 1 9 50 15 1 1 0 1 1 1 727
block4 225 7 7 400 15 1 1 0 1 7 1 1140
block4 227 7 9 400 15 1 1 0 1 7 1 1346
block4 228 1 9 400 15 1 1 0 1 1 1 1134
block4 218 1 3 50 15 1 1 0 1 1 1 477
block4 226 1 7 400 15 1 1 0 1 1 1 554
block4 235 7 3 400 15 1 1 0 1 7 1 877
block4 230 1 3 50 15 1 1 0 1 1 1 705
block4 234 1 9 50 15 1 1 0 1 1 1 441
block4 238 1 7 400 15 1 1 0 1 1 1 623
block4 232 1 7 50 15 1 1 0 1 1 1 654
block4 233 7 9 50 15 1 1 0 1 7 1 731
block4 236 1 3 400 15 1 1 0 1 1 1 458
block4 237 7 7 400 15 1 1 0 1 7 1 638
block4 229 7 3 50 15 1 1 0 1 7 1 568
block4 239 7 9 400 15 1 1 0 1 7 1 583
block4 231 7 7 50 15 1 1 0 1 7 1 1030
block4 240 1 9 400 15 1 1 0 1 1 1 1230
block4 252 1 9 400 15 1 1 0 1 1 1 637
block4 251 7 9 400 15 1 1 0 1 7 1 864
block4 245 7 9 50 15 1 1 0 1 7 1 1015
block4 246 1 9 50 15 1 1 0 1 1 1 1221
block4 243 7 7 50 15 1 1 0 1 7 1 738
block4 244 1 7 50 15 1 1 0 1 1 1 1230
block4 249 7 7 400 15 1 1 0 1 7 1 820
block4 247 7 3 400 15 1 1 0 1 7 1 513
block4 250 1 7 400 15 1 1 0 1 1 1 666
block4 248 1 3 400 15 1 1 0 1 1 1 561
block4 242 1 3 50 15 1 1 0 1 1 1 557
block4 241 7 3 50 15 1 1 0 1 1 2 925
block5 254 1 3 50 15 1 1 0 1 1 1 643
block5 258 1 9 50 15 1 1 0 1 1 1 514
block5 255 7 7 50 15 1 1 0 1 7 1 508
block5 263 7 9 400 15 1 1 0 1 7 1 586
block5 260 1 3 400 15 1 1 0 1 1 1 549
block5 256 1 7 50 15 1 1 0 1 1 1 677
block5 259 7 3 400 15 1 1 0 1 7 1 553
block5 253 7 3 50 15 1 1 0 1 7 1 419
block5 261 7 7 400 15 1 1 0 1 7 1 458
block5 257 7 9 50 15 1 1 0 1 7 1 865
block5 262 1 7 400 15 1 1 0 1 1 1 1245
block5 264 1 9 400 15 1 1 0 1 1 1 671
block5 275 7 9 400 15 1 1 0 1 7 1 1403
block5 273 7 7 400 15 1 1 0 1 7 1 641
block5 267 7 7 50 15 1 1 0 1 7 1 716
block5 269 7 9 50 15 1 1 0 1 7 1 860
block5 266 1 3 50 15 1 1 0 1 1 1 607
block5 270 1 9 50 15 1 1 0 1 1 1 1328
block5 268 1 7 50 15 1 1 0 1 1 1 897
block5 276 1 9 400 15 1 1 0 1 1 1 642
block5 274 1 7 400 15 1 1 0 1 1 1 577
block5 272 1 3 400 15 1 1 0 1 1 1 471
block5 265 7 3 50 15 1 1 0 1 1 2 610
block5 271 7 3 400 15 1 1 0 1 7 1 422
block5 286 1 7 400 15 1 1 0 1 1 1 670
block5 277 7 3 50 15 1 1 0 1 7 1 492
block5 279 7 7 50 15 1 1 0 1 7 1 569
block5 287 7 9 400 15 1 1 0 1 7 1 515
block5 285 7 7 400 15 1 1 0 1 7 1 426
block5 283 7 3 400 15 1 1 0 1 7 1 1083
block5 278 1 3 50 15 1 1 0 1 1 1 609
block5 280 1 7 50 15 1 1 0 1 1 1 478
block5 282 1 9 50 15 1 1 0 1 1 1 1583
block5 288 1 9 400 15 1 1 0 1 1 1 585
block5 284 1 3 400 15 1 1 0 1 1 1 485
block5 281 7 9 50 15 1 1 0 1 7 1 594
block5 295 7 3 400 15 1 1 0 1 7 1 483
block5 297 7 7 400 15 1 1 0 1 7 1 845
block5 292 1 7 50 15 1 1 0 1 1 1 947
block5 294 1 9 50 15 1 1 0 1 1 1 733
block5 299 7 9 400 15 1 1 0 1 7 1 550
block5 290 1 3 50 15 1 1 0 1 1 1 475
block5 298 1 7 400 15 1 1 0 1 1 1 616
block5 293 7 9 50 15 1 1 0 1 7 1 572
block5 300 1 9 400 15 1 1 0 1 1 1 1167
block5 289 7 3 50 15 1 1 0 1 7 1 553
block5 291 7 7 50 15 1 1 0 1 7 1 637
block5 296 1 3 400 15 1 1 0 1 1 1 766
block5 303 7 7 50 15 1 1 0 1 7 1 540
block5 302 1 3 50 15 1 1 0 1 1 1 665
block5 307 7 3 400 15 1 1 0 1 7 1 585
block5 301 7 3 50 15 1 1 0 1 7 1 714
block5 308 1 3 400 15 1 1 0 1 1 1 581
block5 305 7 9 50 15 1 1 0 1 7 1 470
block5 304 1 7 50 15 1 1 0 1 1 1 400
block5 312 1 9 400 15 1 1 0 1 1 1 950
block5 310 1 7 400 15 1 1 0 1 1 1 901
block5 311 7 9 400 15 1 1 0 1 1 2 1135
block5 306 1 9 50 15 1 1 0 1 1 1 1467
block5 309 7 7 400 15 1 1 0 1 7 1 1016
block6 313 7 3 50 15 1 1 0 1 7 1 480
block6 324 1 9 400 15 1 1 0 1 1 1 639
block6 315 7 7 50 15 1 1 0 1 7 1 966
block6 322 1 7 400 15 1 1 0 1 1 1 897
block6 319 7 3 400 15 1 1 0 1 7 1 480
block6 317 7 9 50 15 1 1 0 1 7 1 638
block6 320 1 3 400 15 1 1 0 1 1 1 551
block6 318 1 9 50 15 1 1 0 1 1 1 751
block6 314 1 3 50 15 1 1 0 1 1 1 418
block6 323 7 9 400 15 1 1 0 1 7 1 554
block6 316 1 7 50 15 1 1 0 1 1 1 745
block6 321 7 7 400 15 1 1 0 1 7 1 700
block6 331 7 3 400 15 1 1 0 1 7 1 478
block6 333 7 7 400 15 1 1 0 1 7 1 845
block6 332 1 3 400 15 1 1 0 1 1 1 530
block6 327 7 7 50 15 1 1 0 1 7 1 671
block6 328 1 7 50 15 1 1 0 1 1 1 950
block6 329 7 9 50 15 1 1 0 1 7 1 872
block6 335 7 9 400 15 1 1 0 1 7 1 944
block6 336 1 9 400 15 1 1 0 1 1 1 646
block6 330 1 9 50 15 1 1 0 1 1 1 795
block6 325 7 3 50 15 1 1 0 1 7 1 556
block6 334 1 7 400 15 1 1 0 1 1 1 483
block6 326 1 3 50 15 1 1 0 1 1 1 488
block6 345 7 7 400 15 1 1 0 1 7 1 670
block6 348 1 9 400 15 1 1 0 1 1 1 882
block6 346 1 7 400 15 1 1 0 1 1 1 824
block6 347 7 9 400 15 1 1 0 1 7 1 466
block6 337 7 3 50 15 1 1 0 1 7 1 445
block6 341 7 9 50 15 1 1 0 1 7 1 676
block6 342 1 9 50 15 1 1 0 1 1 1 856
block6 340 1 7 50 15 1 1 0 1 1 1 899
block6 344 1 3 400 15 1 1 0 1 1 1 427
block6 343 7 3 400 15 1 1 0 1 7 1 564
block6 339 7 7 50 15 1 1 0 1 1 2 573
block6 338 1 3 50 15 1 1 0 1 1 1 502
block6 357 7 7 400 15 1 1 0 1 7 1 944
block6 360 1 9 400 15 1 1 0 1 1 1 704
block6 351 7 7 50 15 1 1 0 1 7 1 610
block6 354 1 9 50 15 1 1 0 1 1 1 721
block6 353 7 9 50 15 1 1 0 1 7 1 1001
block6 355 7 3 400 15 1 1 0 1 7 1 523
block6 349 7 3 50 15 1 1 0 1 7 1 557
block6 350 1 3 50 15 1 1 0 1 1 1 508
block6 359 7 9 400 15 1 1 0 1 7 1 743
block6 358 1 7 400 15 1 1 0 1 1 1 640
block6 352 1 7 50 15 1 1 0 1 1 1 786
block6 356 1 3 400 15 1 1 0 1 1 1 482
block6 366 1 9 50 15 1 1 0 1 1 1 781
block6 371 7 9 400 15 1 1 0 1 7 1 1095
block6 363 7 7 50 15 1 1 0 1 7 1 795
block6 370 1 7 400 15 1 1 0 1 1 1 572
block6 365 7 9 50 15 1 1 0 1 7 1 748
block6 361 7 3 50 15 1 1 0 1 7 1 577
block6 372 1 9 400 15 1 1 0 1 1 1 1118
block6 364 1 7 50 15 1 1 0 1 1 1 551
block6 369 7 7 400 15 1 1 0 1 7 1 515
block6 367 7 3 400 15 1 1 0 1 7 1 509
block6 368 1 3 400 15 1 1 0 1 1 1 775
block6 362 1 3 50 15 1 1 0 1 1 1 684
block7 375 7 7 50 15 1 1 0 1 7 1 782
block7 379 7 3 400 15 1 1 0 1 7 1 510
block7 381 7 7 400 15 1 1 0 1 7 1 607
block7 383 7 9 400 15 1 1 0 1 7 1 588
block7 374 1 3 50 15 1 1 0 1 1 1 646
block7 378 1 9 50 15 1 1 0 1 1 1 994
block7 384 1 9 400 15 1 1 0 1 1 1 1014
block7 382 1 7 400 15 1 1 0 1 1 1 539
block7 380 1 3 400 15 1 1 0 1 1 1 519
block7 373 7 3 50 15 1 1 0 1 7 1 666
block7 376 1 7 50 15 1 1 0 1 1 1 832
block7 377 7 9 50 15 1 1 0 1 7 1 617
block7 385 7 3 50 15 1 1 0 1 7 1 529
block7 391 7 3 400 15 1 1 0 1 7 1 429
block7 393 7 7 400 15 1 1 0 1 7 1 698
block7 395 7 9 400 15 1 1 0 1 7 1 869
block7 388 1 7 50 15 1 1 0 1 1 1 796
block7 386 1 3 50 15 1 1 0 1 1 1 486
block7 392 1 3 400 15 1 1 0 1 1 1 509
block7 390 1 9 50 15 1 1 0 1 1 1 1112
block7 394 1 7 400 15 1 1 0 1 1 1 771
block7 396 1 9 400 15 1 1 0 1 1 1 828
block7 387 7 7 50 15 1 1 0 1 7 1 1066
block7 389 7 9 50 15 1 1 0 1 7 1 525
block7 399 7 7 50 15 1 1 0 1 7 1 567
block7 406 1 7 400 15 1 1 0 1 1 1 988
block7 407 7 9 400 15 1 1 0 1 7 1 1165
block7 403 7 3 400 15 1 1 0 1 7 1 445
block7 397 7 3 50 15 1 1 0 1 7 1 592
block7 405 7 7 400 15 1 1 0 1 7 1 630
block7 404 1 3 400 15 1 1 0 1 1 1 990
block7 408 1 9 400 15 1 1 0 1 1 1 1135
block7 400 1 7 50 15 1 1 0 1 1 1 1386
block7 401 7 9 50 15 1 1 0 1 7 1 938
block7 398 1 3 50 15 1 1 0 1 1 1 413
block7 402 1 9 50 15 1 1 0 1 1 1 613
block7 409 7 3 50 15 1 1 0 1 7 1 531
block7 414 1 9 50 15 1 1 0 1 1 1 1558
block7 416 1 3 400 15 1 1 0 1 1 1 404
block7 413 7 9 50 15 1 1 0 1 7 1 690
block7 418 1 7 400 15 1 1 0 1 1 1 698
block7 410 1 3 50 15 1 1 0 1 1 1 503
block7 411 7 7 50 15 1 1 0 1 7 1 773
block7 419 7 9 400 15 1 1 0 1 7 1 798
block7 420 1 9 400 15 1 1 0 1 7 2 1227
block7 412 1 7 50 15 1 1 0 1 1 1 592
block7 417 7 7 400 15 1 1 0 1 7 1 545
block7 415 7 3 400 15 1 1 0 1 7 1 545
block7 426 1 9 50 15 1 1 0 1 1 1 554
block7 432 1 9 400 15 1 1 0 1 1 1 700
block7 425 7 9 50 15 1 1 0 1 7 1 608
block7 431 7 9 400 15 1 1 0 1 7 1 964
block7 427 7 3 400 15 1 1 0 1 7 1 692
block7 428 1 3 400 15 1 1 0 1 1 1 568
block7 422 1 3 50 15 1 1 0 1 1 1 1127
block7 429 7 7 400 15 1 1 0 1 7 1 835
block7 421 7 3 50 15 1 1 0 1 7 1 835
block7 424 1 7 50 15 1 1 0 1 1 1 671
block7 430 1 7 400 15 1 1 0 1 1 1 594
block7 423 7 7 50 15 1 1 0 1 7 1 508
block8 436 1 7 50 15 1 1 0 1 1 1 736
block8 444 1 9 400 15 1 1 0 1 7 2 633
block8 440 1 3 400 15 1 1 0 1 1 1 464
block8 433 7 3 50 15 1 1 0 1 7 1 509
block8 443 7 9 400 15 1 1 0 1 7 1 898
block8 438 1 9 50 15 1 1 0 1 1 1 793
block8 437 7 9 50 15 1 1 0 1 7 1 719
block8 434 1 3 50 15 1 1 0 1 1 1 677
block8 441 7 7 400 15 1 1 0 1 7 1 1086
block8 442 1 7 400 15 1 1 0 1 1 1 680
block8 435 7 7 50 15 1 1 0 1 7 1 628
block8 439 7 3 400 15 1 1 0 1 7 1 562
block8 454 1 7 400 15 1 1 0 1 1 1 826
block8 446 1 3 50 15 1 1 0 1 1 1 576
block8 445 7 3 50 15 1 1 0 1 7 1 1096
block8 451 7 3 400 15 1 1 0 1 7 1 438
block8 452 1 3 400 15 1 1 0 1 1 1 589
block8 450 1 9 50 15 1 1 0 1 1 1 1047
block8 449 7 9 50 15 1 1 0 1 7 1 530
block8 453 7 7 400 15 1 1 0 1 7 1 759
block8 448 1 7 50 15 1 1 0 1 1 1 855
block8 456 1 9 400 15 1 1 0 1 1 1 699
block8 455 7 9 400 15 1 1 0 1 7 1 843
block8 447 7 7 50 15 1 1 0 1 7 1 679
block8 457 7 3 50 15 1 1 0 1 7 1 556
block8 458 1 3 50 15 1 1 0 1 1 1 460
block8 468 1 9 400 15 1 1 0 1 1 1 709
block8 463 7 3 400 15 1 1 0 1 7 1 619
block8 467 7 9 400 15 1 1 0 1 7 1 1237
block8 461 7 9 50 15 1 1 0 1 7 1 549
block8 466 1 7 400 15 1 1 0 1 1 1 719
block8 465 7 7 400 15 1 1 0 1 7 1 495
block8 460 1 7 50 15 1 1 0 1 1 1 772
block8 459 7 7 50 15 1 1 0 1 7 1 495
block8 462 1 9 50 15 1 1 0 1 1 1 821
block8 464 1 3 400 15 1 1 0 1 1 1 480
block8 475 7 3 400 15 1 1 0 1 7 1 720
block8 473 7 9 50 15 1 1 0 1 7 1 1250
block8 471 7 7 50 15 1 1 0 1 7 1 997
block8 470 1 3 50 15 1 1 0 1 1 1 569
block8 479 7 9 400 15 1 1 0 1 7 1 997
block8 469 7 3 50 15 1 1 0 1 7 1 708
block8 478 1 7 400 15 1 1 0 1 1 1 1026
block8 472 1 7 50 15 1 1 0 1 1 1 680
block8 480 1 9 400 15 1 1 0 1 1 1 516
block8 477 7 7 400 15 1 1 0 1 7 1 881
block8 474 1 9 50 15 1 1 0 1 1 1 509
block8 476 1 3 400 15 1 1 0 1 1 1 421
block8 491 7 9 400 15 1 1 0 1 7 1 912
block8 488 1 3 400 15 1 1 0 1 1 1 683
block8 489 7 7 400 15 1 1 0 1 7 1 945
block8 483 7 7 50 15 1 1 0 1 7 1 572
block8 485 7 9 50 15 1 1 0 1 7 1 1207
block8 484 1 7 50 15 1 1 0 1 1 1 1126
block8 481 7 3 50 15 1 1 0 1 7 1 517
block8 482 1 3 50 15 1 1 0 1 1 1 505
block8 492 1 9 400 15 1 1 0 1 1 1 1082
block8 486 1 9 50 15 1 1 0 1 1 1 566
block8 490 1 7 400 15 1 1 0 1 1 1 843
block8 487 7 3 400 15 1 1 0 1 7 1 1212
block9 497 7 9 50 15 1 1 0 1 7 1 931
block9 501 7 7 400 15 1 1 0 1 7 1 466
block9 500 1 3 400 15 1 1 0 1 1 1 605
block9 503 7 9 400 15 1 1 0 1 7 1 632
block9 504 1 9 400 15 1 1 0 1 1 1 836
block9 493 7 3 50 15 1 1 0 1 7 1 511
block9 496 1 7 50 15 1 1 0 1 1 1 551
block9 494 1 3 50 15 1 1 0 1 1 1 556
block9 495 7 7 50 15 1 1 0 1 7 1 972
block9 499 7 3 400 15 1 1 0 1 7 1 593
block9 502 1 7 400 15 1 1 0 1 1 1 659
block9 498 1 9 50 15 1 1 0 1 1 1 594
block9 509 7 9 50 15 1 1 0 1 7 1 604
block9 505 7 3 50 15 1 1 0 1 7 1 520
block9 511 7 3 400 15 1 1 0 1 7 1 568
block9 515 7 9 400 15 1 1 0 1 7 1 704
block9 513 7 7 400 15 1 1 0 1 7 1 573
block9 507 7 7 50 15 1 1 0 1 7 1 468
block9 514 1 7 400 15 1 1 0 1 1 1 621
block9 508 1 7 50 15 1 1 0 1 1 1 686
block9 516 1 9 400 15 1 1 0 1 1 1 955
block9 506 1 3 50 15 1 1 0 1 1 1 587
block9 512 1 3 400 15 1 1 0 1 1 1 3310
block9 510 1 9 50 15 1 1 0 1 1 1 1156
block9 525 7 7 400 15 1 1 0 1 7 1 997
block9 526 1 7 400 15 1 1 0 1 1 1 619
block9 521 7 9 50 15 1 1 0 1 7 1 714
block9 524 1 3 400 15 1 1 0 1 1 1 631
block9 519 7 7 50 15 1 1 0 1 7 1 701
block9 527 7 9 400 15 1 1 0 1 7 1 1511
block9 517 7 3 50 15 1 1 0 1 7 1 626
block9 518 1 3 50 15 1 1 0 1 1 1 552
block9 523 7 3 400 15 1 1 0 1 7 1 653
block9 520 1 7 50 15 1 1 0 1 1 1 892
block9 522 1 9 50 15 1 1 0 1 1 1 648
block9 528 1 9 400 15 1 1 0 1 1 1 956
block9 534 1 9 50 15 1 1 0 1 1 1 633
block9 537 7 7 400 15 1 1 0 1 7 1 898
block9 538 1 7 400 15 1 1 0 1 1 1 863
block9 530 1 3 50 15 1 1 0 1 1 1 621
block9 540 1 9 400 15 1 1 0 1 1 1 1079
block9 531 7 7 50 15 1 1 0 1 7 1 1381
block9 529 7 3 50 15 1 1 0 1 7 1 571
block9 539 7 9 400 15 1 1 0 1 7 1 919
block9 532 1 7 50 15 1 1 0 1 1 1 582
block9 535 7 3 400 15 1 1 0 1 7 1 602
block9 533 7 9 50 15 1 1 0 1 7 1 1265
block9 536 1 3 400 15 1 1 0 1 1 1 632
block9 545 7 9 50 15 1 1 0 1 7 1 576
block9 544 1 7 50 15 1 1 0 1 1 1 1007
block9 541 7 3 50 15 1 1 0 1 7 1 587
block9 551 7 9 400 15 1 1 0 1 1 2 915
block9 549 7 7 400 15 1 1 0 1 1 2 1149
block9 547 7 3 400 15 1 1 0 1 7 1 548
block9 548 1 3 400 15 1 1 0 1 1 1 463
block9 542 1 3 50 15 1 1 0 1 1 1 818
block9 552 1 9 400 15 1 1 0 1 1 1 687
block9 543 7 7 50 15 1 1 0 1 7 1 872
block9 550 1 7 400 15 1 1 0 1 1 1 933
block9 546 1 9 50 15 1 1 0 1 1 1 491
block10 560 1 3 400 15 1 1 0 1 1 1 545
block10 559 7 3 400 15 1 1 0 1 7 1 534
block10 561 7 7 400 15 1 1 0 1 7 1 735
block10 563 7 9 400 15 1 1 0 1 7 1 537
block10 558 1 9 50 15 1 1 0 1 1 1 1067
block10 553 7 3 50 15 1 1 0 1 7 1 506
block10 564 1 9 400 15 1 1 0 1 1 1 906
block10 554 1 3 50 15 1 1 0 1 1 1 445
block10 555 7 7 50 15 1 1 0 1 7 1 735
block10 557 7 9 50 15 1 1 0 1 7 1 739
block10 556 1 7 50 15 1 1 0 1 1 1 649
block10 562 1 7 400 15 1 1 0 1 1 1 917
block10 566 1 3 50 15 1 1 0 1 1 1 482
block10 567 7 7 50 15 1 1 0 1 7 1 589
block10 565 7 3 50 15 1 1 0 1 7 1 463
block10 571 7 3 400 15 1 1 0 1 7 1 919
block10 573 7 7 400 15 1 1 0 1 7 1 757
block10 570 1 9 50 15 1 1 0 1 1 1 714
block10 568 1 7 50 15 1 1 0 1 1 1 753
block10 575 7 9 400 15 1 1 0 1 7 1 1172
block10 574 1 7 400 15 1 1 0 1 1 1 685
block10 569 7 9 50 15 1 1 0 1 7 1 696
block10 572 1 3 400 15 1 1 0 1 1 1 897
block10 576 1 9 400 15 1 1 0 1 1 1 772
block10 580 1 7 50 15 1 1 0 1 1 1 513
block10 579 7 7 50 15 1 1 0 1 7 1 819
block10 581 7 9 50 15 1 1 0 1 7 1 1064
block10 588 1 9 400 15 1 1 0 1 1 1 761
block10 582 1 9 50 15 1 1 0 1 1 1 796
block10 585 7 7 400 15 1 1 0 1 7 1 575
block10 587 7 9 400 15 1 1 0 1 7 1 890
block10 578 1 3 50 15 1 1 0 1 1 1 511
block10 583 7 3 400 15 1 1 0 1 7 1 611
block10 586 1 7 400 15 1 1 0 1 1 1 633
block10 584 1 3 400 15 1 1 0 1 1 1 540
block10 577 7 3 50 15 1 1 0 1 7 1 521
block10 599 7 9 400 15 1 1 0 1 7 1 542
block10 591 7 7 50 15 1 1 0 1 7 1 1022
block10 597 7 7 400 15 1 1 0 1 7 1 1442
block10 596 1 3 400 15 1 1 0 1 1 1 580
block10 590 1 3 50 15 1 1 0 1 1 1 582
block10 593 7 9 50 15 1 1 0 1 7 1 697
block10 600 1 9 400 15 1 1 0 1 1 1 831
block10 594 1 9 50 15 1 1 0 1 1 1 637
block10 598 1 7 400 15 1 1 0 1 1 1 698
block10 592 1 7 50 15 1 1 0 1 1 1 1046
block10 595 7 3 400 15 1 1 0 1 7 1 627
block10 589 7 3 50 15 1 1 0 1 7 1 522
block10 602 1 3 50 15 1 1 0 1 1 1 520
block10 601 7 3 50 15 1 1 0 1 7 1 565
block10 605 7 9 50 15 1 1 0 1 7 1 674
block10 607 7 3 400 15 1 1 0 1 7 1 598
block10 608 1 3 400 15 1 1 0 1 1 1 507
block10 606 1 9 50 15 1 1 0 1 1 1 801
block10 612 1 9 400 15 1 1 0 1 1 1 1302
block10 604 1 7 50 15 1 1 0 1 1 1 462
block10 609 7 7 400 15 1 1 0 1 7 1 744
block10 610 1 7 400 15 1 1 0 1 1 1 567
block10 603 7 7 50 15 1 1 0 1 7 1 519
block10 611 7 9 400 15 1 1 0 1 7 1 732
