blockName counter targetLR setSize isi cueUcOrLc congr competing preivewOrNot keyPressed keyStatus rt NA
prc 11 7 9 400 12 1 1 0 1 7 1 722
prc 2 1 3 50 15 1 1 0 1 1 1 572
prc 1 7 3 50 24 1 1 0 1 7 1 604
prc 10 1 7 400 8 1 1 0 1 1 1 376
prc 7 7 3 400 17 1 1 0 1 7 1 393
prc 3 7 7 50 17 1 1 0 1 7 1 605
prc 6 1 9 50 15 1 1 0 1 1 1 450
prc 8 1 3 400 24 1 1 0 1 1 1 338
prc 5 7 9 50 15 1 1 0 1 7 1 538
prc 4 1 7 50 12 1 1 0 1 1 1 597
prc 9 7 7 400 24 1 1 0 1 7 1 541
prc 12 1 9 400 21 1 1 0 1 1 1 1094
block1 15 7 7 50 21 1 1 0 1 1 2 545
block1 23 7 9 400 25 1 1 0 1 7 1 583
block1 17 7 9 50 14 1 1 0 1 1 2 1007
block1 13 7 3 50 21 1 1 0 1 7 1 487
block1 14 1 3 50 24 1 1 0 1 1 1 514
block1 21 7 7 400 25 1 1 0 1 7 1 496
block1 24 1 9 400 11 1 1 0 1 1 1 598
block1 20 1 3 400 20 1 1 0 1 1 1 424
block1 16 1 7 50 17 1 1 0 1 1 1 468
block1 18 1 9 50 27 1 1 0 1 1 1 382
block1 19 7 3 400 24 1 1 0 1 7 1 433
block1 22 1 7 400 24 1 1 0 1 1 1 678
block1 34 1 7 400 21 1 1 0 1 1 1 400
block1 29 7 9 50 24 1 1 0 1 7 1 417
block1 32 1 3 400 20 1 1 0 1 1 1 328
block1 30 1 9 50 12 1 1 0 1 1 1 552
block1 33 7 7 400 21 1 1 0 1 7 1 449
block1 35 7 9 400 11 1 1 0 1 7 1 555
block1 36 1 9 400 25 1 1 0 1 1 1 700
block1 27 7 7 50 24 1 1 0 1 7 1 443
block1 26 1 3 50 15 1 1 0 1 1 1 330
block1 31 7 3 400 17 1 1 0 1 7 1 501
block1 28 1 7 50 21 1 1 0 1 1 1 329
block1 25 7 3 50 20 1 1 0 1 7 1 306
block1 41 7 9 50 9 1 1 0 1 7 1 468
block1 48 1 9 400 14 1 1 0 1 1 1 428
block1 40 1 7 50 11 1 1 0 1 1 1 390
block1 43 7 3 400 13 1 1 0 1 7 1 368
block1 45 7 7 400 17 1 1 0 1 7 1 297
block1 44 1 3 400 11 1 1 0 1 1 1 263
block1 38 1 3 50 9 1 1 0 1 1 1 356
block1 39 7 7 50 21 1 1 0 1 7 1 335
block1 37 7 3 50 21 1 1 0 1 7 1 449
block1 46 1 7 400 13 1 1 0 1 1 1 289
block1 47 7 9 400 21 1 1 0 1 1 2 345
block1 42 1 9 50 14 1 1 0 1 1 1 771
block1 49 7 3 50 20 1 1 0 1 7 1 474
block1 58 1 7 400 8 1 1 0 1 1 1 340
block1 57 7 7 400 11 1 1 0 1 7 1 802
block1 60 1 9 400 17 1 1 0 1 1 1 377
block1 56 1 3 400 24 1 1 0 1 1 1 325
block1 55 7 3 400 14 1 1 0 1 7 1 373
block1 51 7 7 50 14 1 1 0 1 7 1 636
block1 50 1 3 50 11 1 1 0 1 1 1 297
block1 53 7 9 50 12 1 1 0 1 7 1 393
block1 54 1 9 50 20 1 1 0 1 1 1 328
block1 52 1 7 50 25 1 1 0 1 1 1 370
block1 59 7 9 400 17 1 1 0 1 7 1 525
block1 65 7 9 50 13 1 1 0 1 7 1 744
block1 67 7 3 400 15 1 1 0 1 7 1 412
block1 71 7 9 400 14 1 1 0 1 7 1 867
block1 62 1 3 50 8 1 1 0 1 1 1 368
block1 61 7 3 50 25 1 1 0 1 7 1 282
block1 72 1 9 400 21 1 1 0 1 1 1 341
block1 70 1 7 400 8 1 1 0 1 1 1 560
block1 68 1 3 400 13 1 1 0 1 1 1 569
block1 69 7 7 400 11 1 1 0 1 7 1 1364
block1 63 7 7 50 20 1 1 0 1 7 1 382
block1 64 1 7 50 24 1 1 0 1 1 1 676
block1 66 1 9 50 13 1 1 0 1 1 1 854
block2 77 7 9 50 14 1 1 0 1 7 1 559
block2 74 1 3 50 14 1 1 0 1 1 1 428
block2 78 1 9 50 13 1 1 0 1 1 1 483
block2 84 1 9 400 15 1 1 0 1 1 1 538
block2 76 1 7 50 21 1 1 0 1 1 1 320
block2 73 7 3 50 20 1 1 0 1 7 1 299
block2 80 1 3 400 27 1 1 0 1 1 1 313
block2 81 7 7 400 11 1 1 0 1 7 1 641
block2 79 7 3 400 25 1 1 0 1 7 1 322
block2 83 7 9 400 14 1 1 0 1 7 1 918
block2 75 7 7 50 8 1 1 0 1 1 2 337
block2 82 1 7 400 15 1 1 0 1 1 1 335
block2 95 7 9 400 11 1 1 0 1 7 1 440
block2 92 1 3 400 15 1 1 0 1 1 1 315
block2 91 7 3 400 14 1 1 0 1 7 1 618
block2 96 1 9 400 17 1 1 0 1 1 1 422
block2 86 1 3 50 14 1 1 0 1 1 1 386
block2 94 1 7 400 27 1 1 0 1 1 1 271
block2 87 7 7 50 9 1 1 0 1 7 1 445
block2 90 1 9 50 11 1 1 0 1 1 1 363
block2 85 7 3 50 17 1 1 0 1 7 1 330
block2 88 1 7 50 17 1 1 0 1 1 1 343
block2 93 7 7 400 12 1 1 0 1 7 1 284
block2 89 7 9 50 21 1 1 0 1 7 1 671
block2 104 1 3 400 13 1 1 0 1 1 1 209
block2 98 1 3 50 8 1 1 0 1 1 1 330
block2 102 1 9 50 17 1 1 0 1 7 2 330
block2 100 1 7 50 15 1 1 0 1 1 1 879
block2 97 7 3 50 9 1 1 0 1 7 1 425
block2 99 7 7 50 8 1 1 0 1 1 2 398
block2 103 7 3 400 12 1 1 0 1 7 1 336
block2 105 7 7 400 20 1 1 0 1 7 1 513
block2 101 7 9 50 9 1 1 0 1 7 1 705
block2 108 1 9 400 21 1 1 0 1 1 1 494
block2 107 7 9 400 11 1 1 0 1 7 1 655
block2 106 1 7 400 20 1 1 0 1 1 1 513
block2 112 1 7 50 20 1 1 0 1 1 1 413
block2 114 1 9 50 11 1 1 0 1 1 1 567
block2 116 1 3 400 14 1 1 0 1 1 1 346
block2 118 1 7 400 21 1 1 0 1 1 1 531
block2 111 7 7 50 11 1 1 0 1 7 1 556
block2 115 7 3 400 9 1 1 0 1 7 1 325
block2 110 1 3 50 13 1 1 0 1 1 1 332
block2 120 1 9 400 13 1 1 0 1 1 1 393
block2 117 7 7 400 17 1 1 0 1 7 1 398
block2 109 7 3 50 14 1 1 0 1 7 1 537
block2 119 7 9 400 9 1 1 0 1 7 1 278
block2 113 7 9 50 12 1 1 0 1 7 1 475
block2 125 7 9 50 17 1 1 0 1 7 1 290
block2 132 1 9 400 25 1 1 0 1 1 1 382
block2 127 7 3 400 20 1 1 0 1 7 1 333
block2 128 1 3 400 17 1 1 0 1 1 1 310
block2 130 1 7 400 11 1 1 0 1 1 1 418
block2 122 1 3 50 25 1 1 0 1 1 1 320
block2 124 1 7 50 11 1 1 0 1 1 1 324
block2 126 1 9 50 20 1 1 0 1 7 2 282
block2 121 7 3 50 17 1 1 0 1 7 1 386
block2 129 7 7 400 13 1 1 0 1 7 1 533
block2 123 7 7 50 17 1 1 0 1 7 1 362
block2 131 7 9 400 12 1 1 0 1 7 1 390
block3 134 1 3 50 21 1 1 0 1 1 1 304
block3 137 7 9 50 25 1 1 0 1 7 1 455
block3 133 7 3 50 9 1 1 0 1 7 1 295
block3 138 1 9 50 24 1 1 0 1 1 1 353
block3 136 1 7 50 9 1 1 0 1 7 2 442
block3 142 1 7 400 11 1 1 0 1 1 1 298
block3 144 1 9 400 14 1 1 0 1 1 1 319
block3 139 7 3 400 24 1 1 0 1 7 1 442
block3 140 1 3 400 11 1 1 0 1 1 1 271
block3 141 7 7 400 20 1 1 0 1 7 1 273
block3 135 7 7 50 12 1 1 0 1 1 2 420
block3 143 7 9 400 17 1 1 0 1 7 1 352
block3 148 1 7 50 20 1 1 0 1 1 1 733
block3 150 1 9 50 12 1 1 0 1 7 2 1181
block3 145 7 3 50 17 1 1 0 1 7 1 375
block3 146 1 3 50 9 1 1 0 1 1 1 290
block3 151 7 3 400 15 1 1 0 1 7 1 332
block3 155 7 9 400 27 1 1 0 1 7 1 507
block3 149 7 9 50 12 1 1 0 1 6 2 947
block3 152 1 3 400 8 1 1 0 1 1 1 291
block3 153 7 7 400 14 1 1 0 1 7 1 447
block3 147 7 7 50 20 1 1 0 1 7 1 382
block3 154 1 7 400 20 1 1 0 1 1 1 339
block3 156 1 9 400 25 1 1 0 1 1 1 380
block3 161 7 9 50 14 1 1 0 1 7 1 378
block3 164 1 3 400 21 1 1 0 1 1 1 398
block3 158 1 3 50 13 1 1 0 1 1 1 388
block3 159 7 7 50 9 1 1 0 1 7 1 627
block3 168 1 9 400 13 1 1 0 1 1 1 583
block3 162 1 9 50 20 1 1 0 1 1 1 559
block3 165 7 7 400 12 1 1 0 1 7 1 312
block3 163 7 3 400 12 1 1 0 1 7 1 531
block3 157 7 3 50 13 1 1 0 1 7 1 376
block3 167 7 9 400 24 1 1 0 1 7 1 410
block3 166 1 7 400 21 1 1 0 1 1 1 487
block3 160 1 7 50 8 1 1 0 1 1 1 415
block3 171 7 7 50 20 1 1 0 1 7 1 457
block3 174 1 9 50 8 1 1 0 1 1 1 468
block3 175 7 3 400 9 1 1 0 1 7 1 315
block3 179 7 9 400 13 1 1 0 1 7 1 347
block3 173 7 9 50 25 1 1 0 1 7 1 363
block3 180 1 9 400 12 1 1 0 1 1 1 496
block3 172 1 7 50 20 1 1 0 1 1 1 445
block3 177 7 7 400 21 1 1 0 1 7 1 410
block3 169 7 3 50 25 1 1 0 1 7 1 365
block3 178 1 7 400 8 1 1 0 1 1 1 310
block3 176 1 3 400 14 1 1 0 1 1 1 510
block3 170 1 3 50 20 1 1 0 1 1 1 312
block3 190 1 7 400 24 1 1 0 1 1 1 533
block3 192 1 9 400 27 1 1 0 1 1 1 441
block3 191 7 9 400 24 1 1 0 1 7 1 321
block3 187 7 3 400 12 1 1 0 1 7 1 304
block3 182 1 3 50 13 1 1 0 1 1 1 282
block3 184 1 7 50 9 1 1 0 1 1 1 293
block3 189 7 7 400 25 1 1 0 1 7 1 423
block3 181 7 3 50 9 1 1 0 1 7 1 279
block3 188 1 3 400 12 1 1 0 1 1 1 292
block3 185 7 9 50 12 1 1 0 1 7 1 452
block3 186 1 9 50 25 1 1 0 1 1 1 289
block3 183 7 7 50 9 1 1 0 1 7 1 358
block4 201 7 7 400 17 1 1 0 1 7 1 327
block4 193 7 3 50 27 1 1 0 1 7 1 364
block4 200 1 3 400 20 1 1 0 1 1 1 306
block4 197 7 9 50 12 1 1 0 1 1 2 528
block4 194 1 3 50 13 1 1 0 1 1 1 408
block4 195 7 7 50 27 1 1 0 1 7 1 317
block4 196 1 7 50 15 1 1 0 1 1 1 256
block4 204 1 9 400 13 1 1 0 1 1 1 1067
block4 203 7 9 400 14 1 1 0 1 7 1 390
block4 199 7 3 400 15 1 1 0 1 7 1 388
block4 198 1 9 50 25 1 1 0 1 1 1 488
block4 202 1 7 400 12 1 1 0 1 1 1 448
block4 212 1 3 400 14 1 1 0 1 1 1 461
block4 207 7 7 50 11 1 1 0 1 7 1 948
block4 211 7 3 400 21 1 1 0 1 7 1 362
block4 208 1 7 50 9 1 1 0 1 1 1 282
block4 209 7 9 50 12 1 1 0 1 7 1 573
block4 210 1 9 50 17 1 1 0 1 1 1 338
block4 206 1 3 50 9 1 1 0 1 1 1 312
block4 214 1 7 400 21 1 1 0 1 1 1 320
block4 216 1 9 400 13 1 1 0 1 1 1 399
block4 215 7 9 400 12 1 1 0 1 7 1 414
block4 205 7 3 50 24 1 1 0 1 7 1 378
block4 213 7 7 400 17 1 1 0 1 7 1 291
block4 223 7 3 400 24 1 1 0 1 7 1 524
block4 226 1 7 400 15 1 1 0 1 1 1 393
block4 217 7 3 50 12 1 1 0 1 7 1 313
block4 221 7 9 50 15 1 1 0 1 7 1 497
block4 219 7 7 50 24 1 1 0 1 7 1 586
block4 225 7 7 400 21 1 1 0 1 7 1 508
block4 218 1 3 50 20 1 1 0 1 1 1 299
block4 222 1 9 50 9 1 1 0 1 1 1 603
block4 224 1 3 400 9 1 1 0 1 1 1 299
block4 228 1 9 400 8 1 1 0 1 1 1 572
block4 220 1 7 50 9 1 1 0 1 1 1 335
block4 227 7 9 400 21 1 1 0 1 7 1 341
block4 230 1 3 50 25 1 1 0 1 1 1 334
block4 231 7 7 50 13 1 1 0 1 7 1 297
block4 239 7 9 400 17 1 1 0 1 7 1 375
block4 236 1 3 400 20 1 1 0 1 1 1 299
block4 237 7 7 400 17 1 1 0 1 7 1 271
block4 232 1 7 50 14 1 1 0 1 1 1 375
block4 238 1 7 400 24 1 1 0 1 1 1 528
block4 234 1 9 50 11 1 1 0 1 1 1 394
block4 233 7 9 50 12 1 1 0 1 7 1 287
block4 240 1 9 400 24 1 1 0 1 1 1 226
block4 229 7 3 50 11 1 1 0 1 7 1 364
block4 235 7 3 400 20 1 1 0 1 7 1 318
block4 250 1 7 400 27 1 1 0 1 1 1 257
block4 252 1 9 400 11 1 1 0 1 1 1 351
block4 244 1 7 50 14 1 1 0 1 7 2 263
block4 246 1 9 50 17 1 1 0 1 7 2 441
block4 249 7 7 400 13 1 1 0 1 7 1 763
block4 242 1 3 50 24 1 1 0 1 1 1 352
block4 245 7 9 50 21 1 1 0 1 7 1 362
block4 243 7 7 50 15 1 1 0 1 7 1 411
block4 247 7 3 400 21 1 1 0 1 7 1 343
block4 248 1 3 400 27 1 1 0 1 1 1 309
block4 241 7 3 50 14 1 1 0 1 7 1 518
block4 251 7 9 400 9 1 1 0 1 7 1 430
block5 257 7 9 50 9 1 1 0 1 7 1 463
block5 261 7 7 400 27 1 1 0 1 7 1 383
block5 260 1 3 400 12 1 1 0 1 1 1 305
block5 253 7 3 50 21 1 1 0 1 7 1 315
block5 259 7 3 400 27 1 1 0 1 7 1 258
block5 258 1 9 50 25 1 1 0 1 1 1 369
block5 254 1 3 50 20 1 1 0 1 1 1 380
block5 262 1 7 400 24 1 1 0 1 1 1 332
block5 263 7 9 400 14 1 1 0 1 7 1 262
block5 255 7 7 50 21 1 1 0 1 1 2 338
block5 264 1 9 400 8 1 1 0 1 1 1 564
block5 256 1 7 50 13 1 1 0 1 1 1 536
block5 270 1 9 50 13 1 1 0 1 1 1 552
block5 267 7 7 50 11 1 1 0 1 7 1 476
block5 274 1 7 400 24 1 1 0 1 1 1 423
block5 273 7 7 400 8 1 1 0 1 7 1 408
block5 272 1 3 400 14 1 1 0 1 1 1 393
block5 266 1 3 50 13 1 1 0 1 1 1 376
block5 265 7 3 50 17 1 1 0 1 7 1 268
block5 268 1 7 50 14 1 1 0 1 1 1 480
block5 271 7 3 400 25 1 1 0 1 7 1 327
block5 275 7 9 400 21 1 1 0 1 7 1 540
block5 276 1 9 400 21 1 1 0 1 1 1 354
block5 269 7 9 50 8 1 1 0 1 7 1 525
block5 277 7 3 50 12 1 1 0 1 7 1 288
block5 281 7 9 50 27 1 1 0 1 7 1 393
block5 284 1 3 400 21 1 1 0 1 1 1 353
block5 280 1 7 50 15 1 1 0 1 1 1 347
block5 282 1 9 50 14 1 1 0 1 1 1 702
block5 288 1 9 400 8 1 1 0 1 1 1 293
block5 286 1 7 400 14 1 1 0 1 1 1 370
block5 287 7 9 400 14 1 1 0 1 7 1 310
block5 285 7 7 400 25 1 1 0 1 7 1 364
block5 283 7 3 400 13 1 1 0 1 7 1 285
block5 278 1 3 50 8 1 1 0 1 1 1 360
block5 279 7 7 50 11 1 1 0 1 7 1 307
block5 300 1 9 400 14 1 1 0 1 1 1 320
block5 297 7 7 400 25 1 1 0 1 7 1 293
block5 294 1 9 50 9 1 1 0 1 1 1 368
block5 290 1 3 50 24 1 1 0 1 1 1 423
block5 298 1 7 400 8 1 1 0 1 1 1 310
block5 296 1 3 400 20 1 1 0 1 1 1 269
block5 295 7 3 400 13 1 1 0 1 1 2 316
block5 292 1 7 50 14 1 1 0 1 1 1 361
block5 293 7 9 50 17 1 1 0 1 7 1 286
block5 289 7 3 50 20 1 1 0 1 7 1 333
block5 299 7 9 400 14 1 1 0 1 7 1 366
block5 291 7 7 50 27 1 1 0 1 7 1 310
block5 301 7 3 50 9 1 1 0 1 7 1 292
block5 305 7 9 50 20 1 1 0 1 7 1 538
block5 306 1 9 50 24 1 1 0 1 1 1 354
block5 303 7 7 50 11 1 1 0 1 7 1 329
block5 312 1 9 400 17 1 1 0 1 7 2 272
block5 307 7 3 400 9 1 1 0 1 7 1 317
block5 310 1 7 400 17 1 1 0 1 1 1 383
block5 311 7 9 400 25 1 1 0 1 7 1 346
block5 302 1 3 50 14 1 1 0 1 7 2 631
block5 304 1 7 50 13 1 1 0 1 1 1 346
block5 308 1 3 400 9 1 1 0 1 1 1 375
block5 309 7 7 400 24 1 1 0 1 7 1 863
block6 319 7 3 400 24 1 1 0 1 7 1 395
block6 315 7 7 50 24 1 1 0 1 7 1 405
block6 314 1 3 50 11 1 1 0 1 1 1 301
block6 322 1 7 400 27 1 1 0 1 1 1 281
block6 324 1 9 400 13 1 1 0 1 7 2 300
block6 323 7 9 400 9 1 1 0 1 7 1 384
block6 320 1 3 400 15 1 1 0 1 1 1 306
block6 317 7 9 50 9 1 1 0 1 7 1 405
block6 316 1 7 50 13 1 1 0 1 1 1 425
block6 318 1 9 50 27 1 1 0 1 1 1 376
block6 313 7 3 50 24 1 1 0 1 7 1 371
block6 321 7 7 400 27 1 1 0 1 7 1 340
block6 326 1 3 50 20 1 1 0 1 1 1 277
block6 330 1 9 50 27 1 1 0 1 1 1 303
block6 329 7 9 50 11 1 1 0 1 7 1 321
block6 332 1 3 400 25 1 1 0 1 1 1 275
block6 331 7 3 400 14 1 1 0 1 7 1 407
block6 334 1 7 400 17 1 1 0 1 1 1 403
block6 333 7 7 400 20 1 1 0 1 7 1 368
block6 335 7 9 400 20 1 1 0 1 7 1 681
block6 328 1 7 50 25 1 1 0 1 1 1 325
block6 327 7 7 50 13 1 1 0 1 7 1 442
block6 336 1 9 400 21 1 1 0 1 1 1 271
block6 325 7 3 50 21 1 1 0 1 7 1 313
block6 347 7 9 400 11 1 1 0 1 7 1 392
block6 337 7 3 50 24 1 1 0 1 7 1 510
block6 345 7 7 400 15 1 1 0 1 7 1 458
block6 348 1 9 400 13 1 1 0 1 1 1 374
block6 339 7 7 50 20 1 1 0 1 7 1 307
block6 338 1 3 50 20 1 1 0 1 1 1 323
block6 342 1 9 50 25 1 1 0 1 1 1 974
block6 340 1 7 50 20 1 1 0 1 1 1 607
block6 344 1 3 400 15 1 1 0 1 1 1 301
block6 341 7 9 50 24 1 1 0 1 7 1 333
block6 343 7 3 400 11 1 1 0 1 7 1 300
block6 346 1 7 400 20 1 1 0 1 7 2 457
block6 350 1 3 50 17 1 1 0 1 1 1 394
block6 360 1 9 400 13 1 1 0 1 1 1 459
block6 357 7 7 400 20 1 1 0 1 7 1 395
block6 358 1 7 400 12 1 1 0 1 1 1 383
block6 356 1 3 400 25 1 1 0 1 1 1 307
block6 353 7 9 50 13 1 1 0 1 1 2 677
block6 351 7 7 50 15 1 1 0 1 7 1 307
block6 349 7 3 50 9 1 1 0 1 1 2 263
block6 352 1 7 50 15 1 1 0 1 1 1 386
block6 359 7 9 400 12 1 1 0 1 7 1 380
block6 354 1 9 50 20 1 1 0 1 7 2 379
block6 355 7 3 400 9 1 1 0 1 7 1 370
block6 361 7 3 50 12 1 1 0 1 7 1 372
block6 372 1 9 400 24 1 1 0 1 1 1 604
block6 370 1 7 400 27 1 1 0 1 1 1 290
block6 364 1 7 50 27 1 1 0 1 1 1 281
block6 363 7 7 50 20 1 1 0 1 7 1 373
block6 362 1 3 50 21 1 1 0 1 1 1 325
block6 366 1 9 50 21 1 1 0 1 1 1 349
block6 365 7 9 50 13 1 1 0 1 7 1 392
block6 368 1 3 400 15 1 1 0 1 1 1 335
block6 369 7 7 400 13 1 1 0 1 1 2 295
block6 371 7 9 400 20 1 1 0 1 7 1 373
block6 367 7 3 400 25 1 1 0 1 7 1 377
block7 382 1 7 400 20 1 1 0 1 1 1 280
block7 374 1 3 50 17 1 1 0 1 1 1 322
block7 379 7 3 400 17 1 1 0 1 1 2 278
block7 375 7 7 50 15 1 1 0 1 7 1 428
block7 381 7 7 400 27 1 1 0 1 7 1 620
block7 378 1 9 50 13 1 1 0 1 1 1 1232
block7 376 1 7 50 24 1 1 0 1 1 1 649
block7 383 7 9 400 20 1 1 0 1 7 1 297
block7 377 7 9 50 8 1 1 0 1 7 1 677
block7 380 1 3 400 15 1 1 0 1 1 1 367
block7 373 7 3 50 27 1 1 0 1 7 1 333
block7 384 1 9 400 12 1 1 0 1 1 1 857
block7 392 1 3 400 13 1 1 0 1 1 1 301
block7 386 1 3 50 20 1 1 0 1 1 1 396
block7 396 1 9 400 12 1 1 0 1 7 2 352
block7 394 1 7 400 14 1 1 0 1 1 1 758
block7 395 7 9 400 14 1 1 0 1 7 1 706
block7 389 7 9 50 21 1 1 0 1 7 1 637
block7 390 1 9 50 9 1 1 0 1 1 1 455
block7 388 1 7 50 27 1 1 0 1 1 1 337
block7 391 7 3 400 27 1 1 0 1 7 1 279
block7 393 7 7 400 17 1 1 0 1 7 1 410
block7 385 7 3 50 9 1 1 0 1 7 1 316
block7 387 7 7 50 25 1 1 0 1 7 1 404
block7 406 1 7 400 15 1 1 0 1 1 1 339
block7 398 1 3 50 24 1 1 0 1 7 2 348
block7 401 7 9 50 21 1 1 0 1 1 2 767
block7 408 1 9 400 12 1 1 0 1 1 1 325
block7 405 7 7 400 12 1 1 0 1 7 1 334
block7 397 7 3 50 13 1 1 0 1 7 1 381
block7 404 1 3 400 12 1 1 0 1 1 1 292
block7 400 1 7 50 8 1 1 0 1 1 1 446
block7 399 7 7 50 17 1 1 0 1 7 1 391
block7 402 1 9 50 21 1 1 0 1 1 1 560
block7 403 7 3 400 20 1 1 0 1 7 1 311
block7 407 7 9 400 9 1 1 0 1 7 1 608
block7 411 7 7 50 27 1 1 0 1 7 1 296
block7 415 7 3 400 25 1 1 0 1 7 1 314
block7 409 7 3 50 15 1 1 0 1 7 1 308
block7 416 1 3 400 17 1 1 0 1 1 1 381
block7 413 7 9 50 20 1 1 0 1 7 1 344
block7 412 1 7 50 8 1 1 0 1 1 1 452
block7 418 1 7 400 9 1 1 0 1 1 1 750
block7 417 7 7 400 13 1 1 0 1 7 1 481
block7 414 1 9 50 8 1 1 0 1 1 1 369
block7 420 1 9 400 14 1 1 0 1 1 1 623
block7 419 7 9 400 12 1 1 0 1 7 1 406
block7 410 1 3 50 17 1 1 0 1 1 1 305
block7 427 7 3 400 27 1 1 0 1 7 1 280
block7 421 7 3 50 9 1 1 0 1 7 1 334
block7 426 1 9 50 9 1 1 0 1 1 1 384
block7 424 1 7 50 12 1 1 0 1 1 1 297
block7 429 7 7 400 15 1 1 0 1 7 1 283
block7 428 1 3 400 12 1 1 0 1 1 1 220
block7 431 7 9 400 17 1 1 0 1 7 1 256
block7 425 7 9 50 13 1 1 0 1 7 1 391
block7 422 1 3 50 13 1 1 0 1 1 1 318
block7 423 7 7 50 11 1 1 0 1 7 1 407
block7 432 1 9 400 9 1 1 0 1 1 1 312
block7 430 1 7 400 27 1 1 0 1 1 1 303
block8 442 1 7 400 13 1 1 0 1 1 1 401
block8 433 7 3 50 25 1 1 0 1 7 1 285
block8 441 7 7 400 20 1 1 0 1 7 1 353
block8 444 1 9 400 25 1 1 0 1 1 1 335
block8 434 1 3 50 21 1 1 0 1 1 1 396
block8 436 1 7 50 9 1 1 0 1 1 1 378
block8 435 7 7 50 17 1 1 0 1 7 1 267
block8 440 1 3 400 21 1 1 0 1 1 1 116
block8 438 1 9 50 24 1 1 0 1 7 2 311
block8 439 7 3 400 17 1 1 0 1 7 1 338
block8 437 7 9 50 17 1 1 0 1 1 2 483
block8 443 7 9 400 20 1 1 0 1 7 1 520
block8 453 7 7 400 12 1 1 0 1 7 1 322
block8 445 7 3 50 25 1 1 0 1 7 1 405
block8 451 7 3 400 14 1 1 0 1 7 1 345
block8 454 1 7 400 21 1 1 0 1 1 1 412
block8 452 1 3 400 15 1 1 0 1 1 1 419
block8 447 7 7 50 20 1 1 0 1 7 1 286
block8 455 7 9 400 24 1 1 0 1 7 1 344
block8 446 1 3 50 8 1 1 0 1 1 1 389
block8 450 1 9 50 12 1 1 0 1 1 1 439
block8 448 1 7 50 25 1 1 0 1 1 1 347
block8 456 1 9 400 27 1 1 0 1 1 1 375
block8 449 7 9 50 15 1 1 0 1 7 1 389
block8 464 1 3 400 12 1 1 0 1 1 1 370
block8 461 7 9 50 12 1 1 0 1 7 1 509
block8 467 7 9 400 15 1 1 0 1 1 2 284
block8 463 7 3 400 20 1 1 0 1 7 1 359
block8 462 1 9 50 17 1 1 0 1 1 1 350
block8 458 1 3 50 14 1 1 0 1 1 1 345
block8 460 1 7 50 17 1 1 0 1 1 1 329
block8 459 7 7 50 15 1 1 0 1 7 1 390
block8 466 1 7 400 11 1 1 0 1 1 1 310
block8 468 1 9 400 20 1 1 0 1 1 1 303
block8 457 7 3 50 20 1 1 0 1 7 1 299
block8 465 7 7 400 12 1 1 0 1 1 2 387
block8 476 1 3 400 9 1 1 0 1 1 1 303
block8 470 1 3 50 24 1 1 0 1 7 2 486
block8 478 1 7 400 14 1 1 0 1 1 1 586
block8 480 1 9 400 21 1 1 0 1 1 1 752
block8 469 7 3 50 12 1 1 0 1 7 1 326
block8 473 7 9 50 21 1 1 0 1 1 2 455
block8 475 7 3 400 20 1 1 0 1 7 1 322
block8 477 7 7 400 9 1 1 0 1 7 1 353
block8 471 7 7 50 25 1 1 0 1 1 2 473
block8 479 7 9 400 25 1 1 0 1 7 1 828
block8 474 1 9 50 25 1 1 0 1 1 1 630
block8 472 1 7 50 13 1 1 0 1 1 1 479
block8 481 7 3 50 11 1 1 0 1 7 1 324
block8 483 7 7 50 25 1 1 0 1 7 1 457
block8 490 1 7 400 17 1 1 0 1 1 1 313
block8 487 7 3 400 11 1 1 0 1 7 1 313
block8 484 1 7 50 21 1 1 0 1 1 1 590
block8 486 1 9 50 24 1 1 0 1 1 1 472
block8 488 1 3 400 27 1 1 0 1 1 1 318
block8 489 7 7 400 13 1 1 0 1 7 1 309
block8 492 1 9 400 12 1 1 0 1 1 1 443
block8 491 7 9 400 12 1 1 0 1 7 1 397
block8 482 1 3 50 12 1 1 0 1 1 1 407
block8 485 7 9 50 21 1 1 0 1 7 1 387
block9 494 1 3 50 13 1 1 0 1 1 1 386
block9 495 7 7 50 13 1 1 0 1 7 1 788
block9 504 1 9 400 21 1 1 0 1 1 1 295
block9 503 7 9 400 12 1 1 0 1 7 1 650
block9 500 1 3 400 27 1 1 0 1 1 1 294
block9 499 7 3 400 8 1 1 0 1 7 1 345
block9 496 1 7 50 25 1 1 0 1 1 1 366
block9 501 7 7 400 15 1 1 0 1 7 1 301
block9 493 7 3 50 13 1 1 0 1 7 1 322
block9 497 7 9 50 24 1 1 0 1 7 1 358
block9 502 1 7 400 27 1 1 0 1 1 1 527
block9 498 1 9 50 24 1 1 0 1 1 1 645
block9 506 1 3 50 14 1 1 0 1 1 1 354
block9 512 1 3 400 8 1 1 0 1 1 1 378
block9 514 1 7 400 27 1 1 0 1 1 1 302
block9 505 7 3 50 21 1 1 0 1 7 1 337
block9 507 7 7 50 17 1 1 0 1 7 1 289
block9 509 7 9 50 25 1 1 0 1 1 2 291
block9 510 1 9 50 13 1 1 0 1 1 1 456
block9 511 7 3 400 13 1 1 0 1 7 1 370
block9 508 1 7 50 20 1 1 0 1 1 1 383
block9 513 7 7 400 8 1 1 0 1 7 1 421
block9 515 7 9 400 24 1 1 0 1 7 1 503
block9 516 1 9 400 25 1 1 0 1 1 1 409
block9 520 1 7 50 27 1 1 0 1 1 1 821
block9 519 7 7 50 24 1 1 0 1 7 1 332
block9 518 1 3 50 12 1 1 0 1 1 1 426
block9 524 1 3 400 15 1 1 0 1 1 1 276
block9 517 7 3 50 21 1 1 0 1 7 1 310
block9 523 7 3 400 12 1 1 0 1 7 1 290
block9 527 7 9 400 21 1 1 0 1 7 1 423
block9 521 7 9 50 20 1 1 0 1 7 1 359
block9 528 1 9 400 24 1 1 0 1 1 1 849
block9 526 1 7 400 21 1 1 0 1 1 1 438
block9 525 7 7 400 15 1 1 0 1 7 1 452
block9 522 1 9 50 9 1 1 0 1 1 1 619
block9 538 1 7 400 13 1 1 0 1 1 1 321
block9 532 1 7 50 20 1 1 0 1 1 1 546
block9 533 7 9 50 20 1 1 0 1 7 1 377
block9 530 1 3 50 14 1 1 0 1 1 1 348
block9 531 7 7 50 27 1 1 0 1 7 1 305
block9 537 7 7 400 20 1 1 0 1 7 1 501
block9 540 1 9 400 25 1 1 0 1 1 1 474
block9 539 7 9 400 27 1 1 0 1 7 1 290
block9 535 7 3 400 20 1 1 0 1 7 1 389
block9 534 1 9 50 8 1 1 0 1 1 1 432
block9 536 1 3 400 17 1 1 0 1 1 1 340
block9 529 7 3 50 17 1 1 0 1 7 1 288
block9 542 1 3 50 24 1 1 0 1 1 1 380
block9 541 7 3 50 17 1 1 0 1 7 1 325
block9 543 7 7 50 9 1 1 0 1 7 1 349
block9 545 7 9 50 11 1 1 0 1 7 1 361
block9 546 1 9 50 11 1 1 0 1 1 1 326
block9 547 7 3 400 12 1 1 0 1 7 1 354
block9 548 1 3 400 11 1 1 0 1 1 1 288
block9 549 7 7 400 15 1 1 0 1 7 1 366
block9 552 1 9 400 15 1 1 0 1 1 1 330
block9 544 1 7 50 14 1 1 0 1 1 1 536
block9 551 7 9 400 12 1 1 0 1 1 2 508
block9 550 1 7 400 24 1 1 0 1 1 1 436
block10 561 7 7 400 13 1 1 0 1 1 2 660
block10 559 7 3 400 13 1 1 0 1 7 1 377
block10 560 1 3 400 8 1 1 0 1 1 1 368
block10 562 1 7 400 27 1 1 0 1 1 1 339
block10 563 7 9 400 11 1 1 0 1 7 1 720
block10 555 7 7 50 13 1 1 0 1 1 2 540
block10 558 1 9 50 24 1 1 0 1 1 1 1440
block10 564 1 9 400 13 1 1 0 1 1 1 1146
block10 554 1 3 50 12 1 1 0 1 1 1 460
block10 553 7 3 50 12 1 1 0 1 7 1 339
block10 557 7 9 50 20 1 1 0 1 7 1 362
block10 556 1 7 50 27 1 1 0 1 1 1 434
block10 565 7 3 50 27 1 1 0 1 7 1 310
block10 566 1 3 50 13 1 1 0 1 1 1 384
block10 569 7 9 50 11 1 1 0 1 7 1 668
block10 576 1 9 400 20 1 1 0 1 1 1 612
block10 575 7 9 400 21 1 1 0 1 1 2 598
block10 573 7 7 400 15 1 1 0 1 7 1 332
block10 567 7 7 50 27 1 1 0 1 7 1 480
block10 571 7 3 400 9 1 1 0 1 7 1 277
block10 572 1 3 400 25 1 1 0 1 1 1 417
block10 568 1 7 50 13 1 1 0 1 1 1 595
block10 570 1 9 50 13 1 1 0 1 1 1 1069
block10 574 1 7 400 8 1 1 0 1 1 1 395
block10 584 1 3 400 11 1 1 0 1 1 1 320
block10 587 7 9 400 14 1 1 0 1 7 1 385
block10 583 7 3 400 21 1 1 0 1 7 1 301
block10 585 7 7 400 12 1 1 0 1 7 1 360
block10 578 1 3 50 14 1 1 0 1 1 1 453
block10 582 1 9 50 25 1 1 0 1 1 1 407
block10 579 7 7 50 24 1 1 0 1 7 1 847
block10 581 7 9 50 9 1 1 0 1 7 1 444
block10 588 1 9 400 15 1 1 0 1 1 1 626
block10 580 1 7 50 13 1 1 0 1 1 1 520
block10 586 1 7 400 25 1 1 0 1 1 1 707
block10 577 7 3 50 13 1 1 0 1 7 1 447
block10 596 1 3 400 12 1 1 0 1 1 1 310
block10 597 7 7 400 8 1 1 0 1 7 1 441
block10 590 1 3 50 9 1 1 0 1 1 1 345
block10 595 7 3 400 25 1 1 0 1 7 1 337
block10 599 7 9 400 27 1 1 0 1 1 2 557
block10 591 7 7 50 15 1 1 0 1 7 1 493
block10 589 7 3 50 24 1 1 0 1 7 1 363
block10 600 1 9 400 8 1 1 0 1 1 1 404
block10 593 7 9 50 12 1 1 0 1 7 1 392
block10 598 1 7 400 12 1 1 0 1 1 1 412
block10 594 1 9 50 21 1 1 0 1 1 1 468
block10 592 1 7 50 25 1 1 0 1 1 1 462
block10 610 1 7 400 8 1 1 0 1 1 1 716
block10 605 7 9 50 24 1 1 0 1 7 1 448
block10 607 7 3 400 24 1 1 0 1 7 1 430
block10 609 7 7 400 20 1 1 0 1 7 1 315
block10 608 1 3 400 9 1 1 0 1 1 1 401
block10 611 7 9 400 8 1 1 0 1 1 2 667
block10 601 7 3 50 25 1 1 0 1 7 1 341
block10 606 1 9 50 27 1 1 0 1 1 1 418
block10 602 1 3 50 17 1 1 0 1 1 1 452
block10 612 1 9 400 13 1 1 0 1 1 1 680
block10 603 7 7 50 25 1 1 0 1 7 1 334
block10 604 1 7 50 20 1 1 0 1 1 1 372
