prc 12 1 9 400 25 1 1 0 1 1 1 1005 
prc 6 1 9 50 13 1 1 0 1 1 1 562 
prc 3 7 7 50 15 1 1 0 1 7 1 605 
prc 1 7 3 50 27 1 1 0 1 7 1 353 
prc 7 7 3 400 25 1 1 0 1 7 1 379 
prc 2 1 3 50 25 1 1 0 1 1 1 379 
prc 8 1 3 400 11 1 1 0 1 1 1 321 
prc 10 1 7 400 12 1 1 0 1 1 1 311 
prc 5 7 9 50 8 1 1 0 1 7 1 370 
prc 11 7 9 400 27 1 1 0 1 7 1 592 
prc 9 7 7 400 8 1 1 0 1 7 1 344 
prc 4 1 7 50 20 1 1 0 1 1 1 452 
block1 15 7 7 50 8 1 1 0 1 7 1 369 
block1 18 1 9 50 15 1 1 0 1 1 1 468 
block1 14 1 3 50 12 1 1 0 1 1 1 421 
block1 13 7 3 50 12 1 1 0 1 7 1 312 
block1 24 1 9 400 27 1 1 0 1 1 1 410 
block1 19 7 3 400 12 1 1 0 1 7 1 327 
block1 22 1 7 400 27 1 1 0 1 1 1 260 
block1 16 1 7 50 13 1 1 0 1 1 1 305 
block1 17 7 9 50 11 1 1 0 1 7 1 336 
block1 21 7 7 400 24 1 1 0 1 7 1 518 
block1 23 7 9 400 27 1 1 0 1 7 1 446 
block1 20 1 3 400 14 1 1 0 1 1 1 399 
block1 35 7 9 400 20 1 1 0 1 7 1 824 
block1 27 7 7 50 25 1 1 0 1 1 2 380 
block1 26 1 3 50 8 1 1 0 1 1 1 406 
block1 32 1 3 400 11 1 1 0 1 1 1 338 
block1 33 7 7 400 15 1 1 0 1 7 1 421 
block1 29 7 9 50 14 1 1 0 1 7 1 481 
block1 28 1 7 50 24 1 1 0 1 1 1 356 
block1 36 1 9 400 21 1 1 0 1 1 1 327 
block1 30 1 9 50 20 1 1 0 1 7 2 535 
block1 31 7 3 400 15 1 1 0 1 7 1 414 
block1 25 7 3 50 8 1 1 0 1 7 1 342 
block1 34 1 7 400 27 1 1 0 1 1 1 279 
block1 40 1 7 50 27 1 1 0 1 1 1 396 
block1 46 1 7 400 17 1 1 0 1 1 1 339 
block1 41 7 9 50 24 1 1 0 1 7 1 384 
block1 44 1 3 400 27 1 1 0 1 1 1 345 
block1 48 1 9 400 9 1 1 0 1 7 2 322 
block1 45 7 7 400 25 1 1 0 1 7 1 428 
block1 47 7 9 400 12 1 1 0 1 7 1 676 
block1 38 1 3 50 17 1 1 0 1 1 1 417 
block1 43 7 3 400 11 1 1 0 1 7 1 415 
block1 39 7 7 50 12 1 1 0 1 7 1 543 
block1 42 1 9 50 24 1 1 0 1 1 1 570 
block1 37 7 3 50 21 1 1 0 1 7 1 443 
block1 54 1 9 50 20 1 1 0 1 1 1 917 
block1 53 7 9 50 15 1 1 0 1 7 1 517 
block1 58 1 7 400 8 1 1 0 1 1 1 490 
block1 51 7 7 50 13 1 1 0 1 7 1 411 
block1 52 1 7 50 13 1 1 0 1 1 1 418 
block1 55 7 3 400 8 1 1 0 1 7 1 311 
block1 49 7 3 50 13 1 1 0 1 7 1 350 
block1 60 1 9 400 25 1 1 0 1 1 1 444 
block1 57 7 7 400 12 1 1 0 1 7 1 473 
block1 59 7 9 400 27 1 1 0 1 7 1 637 
block1 50 1 3 50 11 1 1 0 1 1 1 396 
block1 56 1 3 400 20 1 1 0 1 1 1 386 
block1 69 7 7 400 11 1 1 0 1 7 1 370 
block1 64 1 7 50 12 1 1 0 1 7 2 362 
block1 70 1 7 400 15 1 1 0 1 1 1 452 
block1 65 7 9 50 9 1 1 0 1 7 1 526 
block1 66 1 9 50 13 1 1 0 1 1 1 545 
block1 71 7 9 400 13 1 1 0 1 7 1 404 
block1 62 1 3 50 17 1 1 0 1 1 1 424 
block1 72 1 9 400 14 1 1 0 1 1 1 497 
block1 67 7 3 400 27 1 1 0 1 7 1 387 
block1 63 7 7 50 12 1 1 0 1 7 1 609 
block1 68 1 3 400 27 1 1 0 1 1 1 390 
block1 61 7 3 50 24 1 1 0 1 7 1 448 
block1 83 7 9 400 27 1 1 0 1 7 1 444 
block1 76 1 7 50 12 1 1 0 1 1 1 464 
block1 77 7 9 50 14 1 1 0 1 7 1 386 
block1 78 1 9 50 12 1 1 0 1 1 1 1068 
block1 80 1 3 400 27 1 1 0 1 1 1 335 
block1 74 1 3 50 8 1 1 0 1 1 1 326 
block1 84 1 9 400 14 1 1 0 1 1 1 912 
block1 75 7 7 50 12 1 1 0 1 7 1 447 
block1 81 7 7 400 17 1 1 0 1 7 1 406 
block1 82 1 7 400 17 1 1 0 1 1 1 341 
block1 73 7 3 50 9 1 1 0 1 7 1 408 
block1 79 7 3 400 13 1 1 0 1 7 1 409 
block1 92 1 3 400 13 1 1 0 1 1 1 320 
block1 86 1 3 50 9 1 1 0 1 1 1 311 
block1 88 1 7 50 14 1 1 0 1 1 1 426 
block1 96 1 9 400 21 1 1 0 1 1 1 531 
block1 94 1 7 400 25 1 1 0 1 1 1 402 
block1 91 7 3 400 14 1 1 0 1 7 1 377 
block1 85 7 3 50 17 1 1 0 1 7 1 394 
block1 89 7 9 50 13 1 1 0 1 7 1 409 
block1 93 7 7 400 11 1 1 0 1 7 1 533 
block1 87 7 7 50 24 1 1 0 1 7 1 455 
block1 90 1 9 50 20 1 1 0 1 1 1 425 
block1 95 7 9 400 15 1 1 0 1 7 1 628 
block1 98 1 3 50 8 1 1 0 1 1 1 389 
block1 106 1 7 400 21 1 1 0 1 1 1 716 
block1 107 7 9 400 14 1 1 0 1 7 1 581 
block1 97 7 3 50 21 1 1 0 1 7 1 353 
block1 104 1 3 400 21 1 1 0 1 1 1 400 
block1 100 1 7 50 27 1 1 0 1 1 1 450 
block1 99 7 7 50 12 1 1 0 1 7 1 610 
block1 105 7 7 400 21 1 1 0 1 7 1 643 
block1 102 1 9 50 13 1 1 0 1 7 2 605 
block1 108 1 9 400 25 1 1 0 1 1 1 1051 
block1 103 7 3 400 21 1 1 0 1 7 1 576 
block1 101 7 9 50 17 1 1 0 1 7 1 463 
block1 109 7 3 50 17 1 1 0 1 7 1 391 
block1 112 1 7 50 25 1 1 0 1 1 1 766 
block1 114 1 9 50 11 1 1 0 1 1 1 456 
block1 110 1 3 50 24 1 1 0 1 1 1 376 
block1 113 7 9 50 24 1 1 0 1 7 1 754 
block1 119 7 9 400 24 1 1 0 1 7 1 493 
block1 111 7 7 50 25 1 1 0 1 7 1 457 
block1 116 1 3 400 20 1 1 0 1 1 1 342 
block1 115 7 3 400 17 1 1 0 1 7 1 284 
block1 118 1 7 400 14 1 1 0 1 1 1 756 
block1 117 7 7 400 11 1 1 0 1 7 1 390 
block1 120 1 9 400 8 1 1 0 1 1 1 714 
block1 125 7 9 50 14 1 1 0 1 7 1 601 
block1 123 7 7 50 13 1 1 0 1 7 1 464 
block1 121 7 3 50 11 1 1 0 1 7 1 424 
block1 131 7 9 400 11 1 1 0 1 7 1 357 
block1 127 7 3 400 20 1 1 0 1 7 1 336 
block1 124 1 7 50 24 1 1 0 1 1 1 372 
block1 128 1 3 400 27 1 1 0 1 1 1 353 
block1 130 1 7 400 20 1 1 0 1 1 1 433 
block1 126 1 9 50 12 1 1 0 1 1 1 544 
block1 129 7 7 400 27 1 1 0 1 7 1 323 
block1 122 1 3 50 14 1 1 0 1 1 1 365 
block1 132 1 9 400 25 1 1 0 1 1 1 501 
block2 139 7 3 400 15 1 1 0 1 7 1 364 
block2 137 7 9 50 9 1 1 0 1 7 1 1024 
block2 136 1 7 50 20 1 1 0 1 1 1 384 
block2 134 1 3 50 25 1 1 0 1 1 1 370 
block2 133 7 3 50 24 1 1 0 1 7 1 358 
block2 135 7 7 50 13 1 1 0 1 7 1 423 
block2 143 7 9 400 13 1 1 0 1 7 1 352 
block2 144 1 9 400 8 1 1 0 1 1 1 415 
block2 140 1 3 400 21 1 1 0 1 1 1 672 
block2 138 1 9 50 8 1 1 0 1 1 1 412 
block2 141 7 7 400 9 1 1 0 1 7 1 355 
block2 142 1 7 400 21 1 1 0 1 1 1 510 
block2 156 1 9 400 12 1 1 0 1 1 1 687 
block2 148 1 7 50 11 1 1 0 1 1 1 386 
block2 149 7 9 50 14 1 1 0 1 7 1 380 
block2 145 7 3 50 27 1 1 0 1 7 1 331 
block2 146 1 3 50 20 1 1 0 1 1 1 445 
block2 150 1 9 50 8 1 1 0 1 1 1 605 
block2 152 1 3 400 9 1 1 0 1 1 1 317 
block2 151 7 3 400 17 1 1 0 1 7 1 299 
block2 153 7 7 400 15 1 1 0 1 7 1 619 
block2 147 7 7 50 14 1 1 0 1 7 1 511 
block2 155 7 9 400 20 1 1 0 1 7 1 365 
block2 154 1 7 400 17 1 1 0 1 1 1 324 
block2 159 7 7 50 14 1 1 0 1 7 1 790 
block2 161 7 9 50 20 1 1 0 1 7 1 715 
block2 167 7 9 400 15 1 1 0 1 7 1 720 
block2 160 1 7 50 8 1 1 0 1 1 1 449 
block2 163 7 3 400 11 1 1 0 1 7 1 341 
block2 158 1 3 50 20 1 1 0 1 1 1 360 
block2 168 1 9 400 11 1 1 0 1 1 1 587 
block2 162 1 9 50 20 1 1 0 1 1 1 804 
block2 164 1 3 400 20 1 1 0 1 1 1 337 
block2 165 7 7 400 20 1 1 0 1 7 1 478 
block2 157 7 3 50 8 1 1 0 1 7 1 355 
block2 166 1 7 400 24 1 1 0 1 1 1 397 
block2 178 1 7 400 25 1 1 0 1 1 1 364 
block2 175 7 3 400 24 1 1 0 1 7 1 439 
block2 169 7 3 50 17 1 1 0 1 7 1 305 
block2 177 7 7 400 15 1 1 0 1 7 1 339 
block2 180 1 9 400 27 1 1 0 1 1 1 301 
block2 174 1 9 50 14 1 1 0 1 1 1 517 
block2 170 1 3 50 13 1 1 0 1 1 1 324 
block2 172 1 7 50 14 1 1 0 1 1 1 648 
block2 179 7 9 400 8 1 1 0 1 7 1 1143 
block2 171 7 7 50 21 1 1 0 1 7 1 505 
block2 173 7 9 50 27 1 1 0 1 7 1 338 
block2 176 1 3 400 20 1 1 0 1 1 1 315 
block2 189 7 7 400 12 1 1 0 1 7 1 420 
block2 186 1 9 50 24 1 1 0 1 1 1 474 
block2 190 1 7 400 24 1 1 0 1 1 1 399 
block2 187 7 3 400 17 1 1 0 1 7 1 360 
block2 181 7 3 50 20 1 1 0 1 7 1 345 
block2 192 1 9 400 9 1 1 0 1 1 1 384 
block2 191 7 9 400 11 1 1 0 1 7 1 596 
block2 188 1 3 400 12 1 1 0 1 1 1 369 
block2 184 1 7 50 20 1 1 0 1 1 1 540 
block2 185 7 9 50 25 1 1 0 1 7 1 533 
block2 183 7 7 50 25 1 1 0 1 7 1 532 
block2 182 1 3 50 27 1 1 0 1 1 1 356 
block2 199 7 3 400 13 1 1 0 1 7 1 634 
block2 204 1 9 400 15 1 1 0 1 1 1 434 
block2 203 7 9 400 12 1 1 0 1 7 1 450 
block2 194 1 3 50 13 1 1 0 1 1 1 356 
block2 197 7 9 50 17 1 1 0 1 7 1 339 
block2 193 7 3 50 25 1 1 0 1 7 1 430 
block2 200 1 3 400 24 1 1 0 1 1 1 312 
block2 201 7 7 400 14 1 1 0 1 7 1 385 
block2 195 7 7 50 20 1 1 0 1 7 1 502 
block2 202 1 7 400 21 1 1 0 1 1 1 383 
block2 198 1 9 50 13 1 1 0 1 1 1 1184 
block2 196 1 7 50 21 1 1 0 1 1 1 514 
block2 213 7 7 400 13 1 1 0 1 7 1 358 
block2 209 7 9 50 25 1 1 0 1 7 1 534 
block2 214 1 7 400 13 1 1 0 1 1 1 334 
block2 207 7 7 50 15 1 1 0 1 7 1 466 
block2 205 7 3 50 15 1 1 0 1 7 1 384 
block2 210 1 9 50 21 1 1 0 1 1 1 469 
block2 216 1 9 400 17 1 1 0 1 1 1 373 
block2 215 7 9 400 25 1 1 0 1 7 1 562 
block2 211 7 3 400 25 1 1 0 1 7 1 422 
block2 212 1 3 400 8 1 1 0 1 1 1 349 
block2 206 1 3 50 20 1 1 0 1 1 1 459 
block2 208 1 7 50 9 1 1 0 1 1 1 459 
block2 224 1 3 400 9 1 1 0 1 1 1 345 
block2 218 1 3 50 24 1 1 0 1 7 2 402 
block2 226 1 7 400 11 1 1 0 1 1 1 345 
block2 217 7 3 50 20 1 1 0 1 7 1 380 
block2 221 7 9 50 11 1 1 0 1 7 1 980 
block2 222 1 9 50 15 1 1 0 1 1 1 357 
block2 227 7 9 400 17 1 1 0 1 7 1 369 
block2 220 1 7 50 14 1 1 0 1 1 1 675 
block2 225 7 7 400 12 1 1 0 1 7 1 318 
block2 228 1 9 400 14 1 1 0 1 1 1 496 
block2 223 7 3 400 12 1 1 0 1 7 1 300 
block2 219 7 7 50 8 1 1 0 1 7 1 335 
block2 239 7 9 400 8 1 1 0 1 7 1 683 
block2 232 1 7 50 9 1 1 0 1 1 1 405 
block2 235 7 3 400 25 1 1 0 1 7 1 359 
block2 237 7 7 400 13 1 1 0 1 1 2 351 
block2 233 7 9 50 27 1 1 0 1 7 1 601 
block2 236 1 3 400 12 1 1 0 1 1 1 362 
block2 234 1 9 50 20 1 1 0 1 1 1 366 
block2 240 1 9 400 20 1 1 0 1 1 1 558 
block2 230 1 3 50 17 1 1 0 1 1 1 347 
block2 231 7 7 50 8 1 1 0 1 7 1 369 
block2 229 7 3 50 21 1 1 0 1 7 1 601 
block2 238 1 7 400 15 1 1 0 1 1 1 337 
block2 244 1 7 50 12 1 1 0 1 1 1 448 
block2 251 7 9 400 27 1 1 0 1 7 1 402 
block2 247 7 3 400 11 1 1 0 1 7 1 331 
block2 246 1 9 50 14 1 1 0 1 1 1 392 
block2 242 1 3 50 17 1 1 0 1 1 1 401 
block2 252 1 9 400 25 1 1 0 1 1 1 713 
block2 248 1 3 400 9 1 1 0 1 1 1 340 
block2 241 7 3 50 14 1 1 0 1 7 1 340 
block2 249 7 7 400 8 1 1 0 1 7 1 627 
block2 243 7 7 50 15 1 1 0 1 7 1 447 
block2 245 7 9 50 24 1 1 0 1 7 1 487 
block2 250 1 7 400 9 1 1 0 1 1 1 502 
block3 255 7 7 50 27 1 1 0 1 7 1 373 
block3 260 1 3 400 25 1 1 0 1 1 1 578 
block3 256 1 7 50 9 1 1 0 1 1 1 447 
block3 258 1 9 50 20 1 1 0 1 1 1 351 
block3 262 1 7 400 24 1 1 0 1 1 1 611 
block3 263 7 9 400 24 1 1 0 1 1 2 488 
block3 257 7 9 50 15 1 1 0 1 7 1 606 
block3 253 7 3 50 27 1 1 0 1 7 1 353 
block3 261 7 7 400 20 1 1 0 1 7 1 375 
block3 264 1 9 400 12 1 1 0 1 1 1 530 
block3 254 1 3 50 15 1 1 0 1 1 1 409 
block3 259 7 3 400 17 1 1 0 1 7 1 327 
block3 274 1 7 400 25 1 1 0 1 1 1 295 
block3 267 7 7 50 9 1 1 0 1 7 1 443 
block3 269 7 9 50 13 1 1 0 1 7 1 378 
block3 276 1 9 400 8 1 1 0 1 1 1 294 
block3 265 7 3 50 20 1 1 0 1 7 1 326 
block3 272 1 3 400 25 1 1 0 1 1 1 313 
block3 271 7 3 400 21 1 1 0 1 7 1 576 
block3 266 1 3 50 12 1 1 0 1 1 1 318 
block3 268 1 7 50 21 1 1 0 1 1 1 618 
block3 275 7 9 400 27 1 1 0 1 7 1 539 
block3 270 1 9 50 8 1 1 0 1 1 1 420 
block3 273 7 7 400 15 1 1 0 1 7 1 447 
block3 284 1 3 400 20 1 1 0 1 1 1 311 
block3 279 7 7 50 9 1 1 0 1 7 1 444 
block3 288 1 9 400 21 1 1 0 1 1 1 423 
block3 286 1 7 400 13 1 1 0 1 1 1 343 
block3 283 7 3 400 8 1 1 0 1 7 1 296 
block3 277 7 3 50 20 1 1 0 1 7 1 355 
block3 281 7 9 50 17 1 1 0 1 7 1 333 
block3 278 1 3 50 25 1 1 0 1 1 1 325 
block3 280 1 7 50 15 1 1 0 1 1 1 506 
block3 282 1 9 50 9 1 1 0 1 1 1 491 
block3 287 7 9 400 25 1 1 0 1 7 1 505 
block3 285 7 7 400 9 1 1 0 1 7 1 538 
block3 297 7 7 400 17 1 1 0 1 7 1 331 
block3 293 7 9 50 13 1 1 0 1 7 1 376 
block3 290 1 3 50 8 1 1 0 1 1 1 347 
block3 298 1 7 400 24 1 1 0 1 1 1 339 
block3 300 1 9 400 13 1 1 0 1 7 2 353 
block3 294 1 9 50 25 1 1 0 1 1 1 468 
block3 296 1 3 400 25 1 1 0 1 1 1 358 
block3 289 7 3 50 12 1 1 0 1 7 1 354 
block3 299 7 9 400 17 1 1 0 1 7 1 316 
block3 292 1 7 50 21 1 1 0 1 1 1 422 
block3 295 7 3 400 9 1 1 0 1 7 1 338 
block3 291 7 7 50 13 1 1 0 1 7 1 698 
block3 301 7 3 50 24 1 1 0 1 7 1 470 
block3 307 7 3 400 8 1 1 0 1 7 1 300 
block3 310 1 7 400 17 1 1 0 1 1 1 520 
block3 308 1 3 400 21 1 1 0 1 1 1 359 
block3 309 7 7 400 24 1 1 0 1 7 1 926 
block3 306 1 9 50 20 1 1 0 1 1 1 416 
block3 304 1 7 50 8 1 1 0 1 1 1 335 
block3 305 7 9 50 17 1 1 0 1 7 1 355 
block3 312 1 9 400 15 1 1 0 1 1 1 387 
block3 303 7 7 50 12 1 1 0 1 7 1 359 
block3 302 1 3 50 9 1 1 0 1 1 1 283 
block3 311 7 9 400 17 1 1 0 1 7 1 324 
block3 320 1 3 400 8 1 1 0 1 1 1 281 
block3 324 1 9 400 9 1 1 0 1 1 1 511 
block3 319 7 3 400 24 1 1 0 1 7 1 423 
block3 322 1 7 400 13 1 1 0 1 1 1 356 
block3 315 7 7 50 13 1 1 0 1 7 1 388 
block3 316 1 7 50 24 1 1 0 1 1 1 334 
block3 317 7 9 50 20 1 1 0 1 7 1 360 
block3 314 1 3 50 8 1 1 0 1 1 1 350 
block3 313 7 3 50 27 1 1 0 1 7 1 338 
block3 321 7 7 400 21 1 1 0 1 7 1 383 
block3 318 1 9 50 27 1 1 0 1 1 1 325 
block3 323 7 9 400 14 1 1 0 1 7 1 317 
block3 330 1 9 50 21 1 1 0 1 1 1 498 
block3 332 1 3 400 17 1 1 0 1 1 1 319 
block3 325 7 3 50 8 1 1 0 1 1 2 419 
block3 327 7 7 50 15 1 1 0 1 7 1 524 
block3 329 7 9 50 15 1 1 0 1 7 1 719 
block3 336 1 9 400 27 1 1 0 1 1 1 349 
block3 333 7 7 400 14 1 1 0 1 7 1 427 
block3 326 1 3 50 20 1 1 0 1 1 1 348 
block3 334 1 7 400 13 1 1 0 1 1 1 492 
block3 335 7 9 400 12 1 1 0 1 7 1 336 
block3 331 7 3 400 21 1 1 0 1 7 1 457 
block3 328 1 7 50 12 1 1 0 1 1 1 629 
block3 338 1 3 50 9 1 1 0 1 1 1 331 
block3 347 7 9 400 14 1 1 0 1 7 1 473 
block3 345 7 7 400 9 1 1 0 1 7 1 372 
block3 339 7 7 50 21 1 1 0 1 1 2 353 
block3 344 1 3 400 27 1 1 0 1 1 1 324 
block3 342 1 9 50 13 1 1 0 1 1 1 526 
block3 346 1 7 400 14 1 1 0 1 1 1 593 
block3 343 7 3 400 21 1 1 0 1 7 1 396 
block3 341 7 9 50 27 1 1 0 1 7 1 476 
block3 348 1 9 400 27 1 1 0 1 1 1 373 
block3 337 7 3 50 13 1 1 0 1 7 1 569 
block3 340 1 7 50 15 1 1 0 1 1 1 475 
block3 360 1 9 400 15 1 1 0 1 1 1 504 
block3 355 7 3 400 25 1 1 0 1 7 1 376 
block3 352 1 7 50 12 1 1 0 1 1 1 407 
block3 353 7 9 50 17 1 1 0 1 7 1 363 
block3 350 1 3 50 12 1 1 0 1 1 1 401 
block3 349 7 3 50 24 1 1 0 1 7 1 1173 
block3 359 7 9 400 12 1 1 0 1 7 1 505 
block3 358 1 7 400 20 1 1 0 1 1 1 332 
block3 357 7 7 400 17 1 1 0 1 7 1 359 
block3 351 7 7 50 12 1 1 0 1 7 1 394 
block3 356 1 3 400 21 1 1 0 1 1 1 329 
block3 354 1 9 50 8 1 1 0 1 1 1 539 
block3 362 1 3 50 8 1 1 0 1 1 1 437 
block3 368 1 3 400 20 1 1 0 1 1 1 620 
block3 363 7 7 50 13 1 1 0 1 7 1 486 
block3 370 1 7 400 17 1 1 0 1 1 1 376 
block3 367 7 3 400 27 1 1 0 1 7 1 332 
block3 365 7 9 50 12 1 1 0 1 7 1 581 
block3 369 7 7 400 17 1 1 0 1 7 1 343 
block3 372 1 9 400 14 1 1 0 1 1 1 687 
block3 366 1 9 50 11 1 1 0 1 1 1 429 
block3 364 1 7 50 20 1 1 0 1 1 1 365 
block3 371 7 9 400 13 1 1 0 1 7 1 606 
block3 361 7 3 50 25 1 1 0 1 7 1 788 
block4 379 7 3 400 8 1 1 0 1 7 1 382 
block4 378 1 9 50 11 1 1 0 1 1 1 432 
block4 380 1 3 400 20 1 1 0 1 1 1 287 
block4 383 7 9 400 15 1 1 0 1 7 1 360 
block4 382 1 7 400 17 1 1 0 1 1 1 323 
block4 381 7 7 400 8 1 1 0 1 7 1 311 
block4 375 7 7 50 9 1 1 0 1 1 2 314 
block4 374 1 3 50 9 1 1 0 1 1 1 427 
block4 376 1 7 50 9 1 1 0 1 1 1 358 
block4 377 7 9 50 20 1 1 0 1 7 1 343 
block4 384 1 9 400 14 1 1 0 1 1 1 567 
block4 373 7 3 50 15 1 1 0 1 7 1 426 
block4 395 7 9 400 25 1 1 0 1 7 1 486 
block4 385 7 3 50 11 1 1 0 1 7 1 384 
block4 394 1 7 400 20 1 1 0 1 1 1 337 
block4 392 1 3 400 24 1 1 0 1 1 1 368 
block4 391 7 3 400 14 1 1 0 1 7 1 307 
block4 387 7 7 50 20 1 1 0 1 7 1 427 
block4 393 7 7 400 25 1 1 0 1 7 1 312 
block4 386 1 3 50 24 1 1 0 1 1 1 389 
block4 396 1 9 400 15 1 1 0 1 1 1 395 
block4 390 1 9 50 11 1 1 0 1 7 2 362 
block4 389 7 9 50 27 1 1 0 1 7 1 469 
block4 388 1 7 50 12 1 1 0 1 1 1 418 
block4 405 7 7 400 13 1 1 0 1 7 1 493 
block4 398 1 3 50 24 1 1 0 1 1 1 350 
block4 402 1 9 50 25 1 1 0 1 1 1 453 
block4 406 1 7 400 14 1 1 0 1 1 1 439 
block4 403 7 3 400 14 1 1 0 1 7 1 336 
block4 408 1 9 400 15 1 1 0 1 1 1 502 
block4 397 7 3 50 14 1 1 0 1 7 1 384 
block4 404 1 3 400 12 1 1 0 1 1 1 316 
block4 400 1 7 50 15 1 1 0 1 1 1 351 
block4 407 7 9 400 8 1 1 0 1 7 1 310 
block4 399 7 7 50 24 1 1 0 1 1 2 354 
block4 401 7 9 50 15 1 1 0 1 7 1 791 
block4 412 1 7 50 8 1 1 0 1 1 1 417 
block4 416 1 3 400 17 1 1 0 1 1 1 336 
block4 417 7 7 400 12 1 1 0 1 7 1 493 
block4 414 1 9 50 13 1 1 0 1 1 1 524 
block4 419 7 9 400 9 1 1 0 1 7 1 1372 
block4 413 7 9 50 13 1 1 0 1 7 1 667 
block4 418 1 7 400 12 1 1 0 1 1 1 475 
block4 415 7 3 400 15 1 1 0 1 7 1 383 
block4 420 1 9 400 11 1 1 0 1 1 1 459 
block4 411 7 7 50 8 1 1 0 1 7 1 658 
block4 409 7 3 50 11 1 1 0 1 7 1 367 
block4 410 1 3 50 13 1 1 0 1 1 1 385 
block4 426 1 9 50 17 1 1 0 1 1 1 394 
block4 422 1 3 50 21 1 1 0 1 1 1 350 
block4 427 7 3 400 25 1 1 0 1 7 1 352 
block4 429 7 7 400 9 1 1 0 1 7 1 416 
block4 431 7 9 400 17 1 1 0 1 7 1 376 
block4 432 1 9 400 24 1 1 0 1 1 1 377 
block4 423 7 7 50 24 1 1 0 1 7 1 572 
block4 424 1 7 50 24 1 1 0 1 1 1 465 
block4 430 1 7 400 17 1 1 0 1 1 1 428 
block4 428 1 3 400 8 1 1 0 1 1 1 370 
block4 425 7 9 50 25 1 1 0 1 7 1 597 
block4 421 7 3 50 9 1 1 0 1 7 1 473 
block4 438 1 9 50 12 1 1 0 1 1 1 356 
block4 439 7 3 400 15 1 1 0 1 7 1 335 
block4 435 7 7 50 9 1 1 0 1 7 1 406 
block4 437 7 9 50 21 1 1 0 1 7 1 691 
block4 434 1 3 50 14 1 1 0 1 1 1 378 
block4 442 1 7 400 11 1 1 0 1 1 1 373 
block4 436 1 7 50 13 1 1 0 1 1 1 847 
block4 443 7 9 400 9 1 1 0 1 1 2 1346 
block4 440 1 3 400 27 1 1 0 1 1 1 376 
block4 444 1 9 400 20 1 1 0 1 1 1 793 
block4 433 7 3 50 9 1 1 0 1 7 1 381 
block4 441 7 7 400 17 1 1 0 1 7 1 428 
block4 451 7 3 400 20 1 1 0 1 7 1 403 
block4 454 1 7 400 21 1 1 0 1 1 1 476 
block4 449 7 9 50 11 1 1 0 1 7 1 378 
block4 447 7 7 50 13 1 1 0 1 7 1 388 
block4 455 7 9 400 15 1 1 0 1 7 1 564 
block4 446 1 3 50 24 1 1 0 1 1 1 341 
block4 450 1 9 50 13 1 1 0 1 1 1 530 
block4 448 1 7 50 12 1 1 0 1 1 1 371 
block4 453 7 7 400 17 1 1 0 1 7 1 337 
block4 445 7 3 50 8 1 1 0 1 7 1 388 
block4 452 1 3 400 25 1 1 0 1 1 1 399 
block4 456 1 9 400 24 1 1 0 1 1 1 552 
block4 461 7 9 50 9 1 1 0 1 7 1 521 
block4 462 1 9 50 21 1 1 0 1 1 1 491 
block4 467 7 9 400 11 1 1 0 1 7 1 433 
block4 468 1 9 400 8 1 1 0 1 1 1 374 
block4 457 7 3 50 20 1 1 0 1 7 1 353 
block4 465 7 7 400 20 1 1 0 1 7 1 429 
block4 466 1 7 400 14 1 1 0 1 1 1 380 
block4 459 7 7 50 13 1 1 0 1 7 1 400 
block4 460 1 7 50 21 1 1 0 1 1 1 458 
block4 458 1 3 50 24 1 1 0 1 1 1 354 
block4 464 1 3 400 9 1 1 0 1 1 1 353 
block4 463 7 3 400 25 1 1 0 1 7 1 378 
block4 471 7 7 50 13 1 1 0 1 7 1 445 
block4 473 7 9 50 11 1 1 0 1 1 2 397 
block4 469 7 3 50 21 1 1 0 1 7 1 363 
block4 470 1 3 50 24 1 1 0 1 1 1 369 
block4 475 7 3 400 27 1 1 0 1 7 1 316 
block4 472 1 7 50 20 1 1 0 1 1 1 542 
block4 479 7 9 400 15 1 1 0 1 7 1 480 
block4 478 1 7 400 13 1 1 0 1 1 1 362 
block4 477 7 7 400 21 1 1 0 1 7 1 442 
block4 476 1 3 400 14 1 1 0 1 1 1 521 
block4 480 1 9 400 20 1 1 0 1 1 1 377 
block4 474 1 9 50 17 1 1 0 1 1 1 355 
block4 489 7 7 400 20 1 1 0 1 7 1 298 
block4 484 1 7 50 17 1 1 0 1 1 1 334 
block4 488 1 3 400 9 1 1 0 1 1 1 361 
block4 485 7 9 50 21 1 1 0 1 7 1 438 
block4 482 1 3 50 14 1 1 0 1 1 1 333 
block4 481 7 3 50 21 1 1 0 1 7 1 407 
block4 483 7 7 50 27 1 1 0 1 7 1 323 
block4 491 7 9 400 14 1 1 0 1 7 1 417 
block4 486 1 9 50 11 1 1 0 1 1 1 476 
block4 490 1 7 400 20 1 1 0 1 1 1 273 
block4 487 7 3 400 27 1 1 0 1 7 1 318 
block4 492 1 9 400 20 1 1 0 1 7 2 352 
block5 498 1 9 50 12 1 1 0 1 1 1 353 
block5 501 7 7 400 15 1 1 0 1 7 1 325 
block5 503 7 9 400 17 1 1 0 1 7 1 311 
block5 495 7 7 50 11 1 1 0 1 7 1 581 
block5 502 1 7 400 14 1 1 0 1 1 1 347 
block5 497 7 9 50 27 1 1 0 1 7 1 419 
block5 504 1 9 400 11 1 1 0 1 1 1 359 
block5 494 1 3 50 17 1 1 0 1 1 1 371 
block5 493 7 3 50 21 1 1 0 1 7 1 367 
block5 496 1 7 50 27 1 1 0 1 1 1 341 
block5 500 1 3 400 25 1 1 0 1 1 1 331 
block5 499 7 3 400 8 1 1 0 1 7 1 605 
block5 505 7 3 50 14 1 1 0 1 7 1 378 
block5 508 1 7 50 15 1 1 0 1 1 1 387 
block5 512 1 3 400 15 1 1 0 1 1 1 317 
block5 509 7 9 50 14 1 1 0 1 7 1 412 
block5 513 7 7 400 11 1 1 0 1 7 1 336 
block5 514 1 7 400 14 1 1 0 1 1 1 291 
block5 515 7 9 400 21 1 1 0 1 1 2 265 
block5 506 1 3 50 17 1 1 0 1 1 1 340 
block5 507 7 7 50 25 1 1 0 1 7 1 400 
block5 516 1 9 400 11 1 1 0 1 1 1 420 
block5 510 1 9 50 17 1 1 0 1 1 1 374 
block5 511 7 3 400 12 1 1 0 1 7 1 353 
block5 527 7 9 400 11 1 1 0 1 7 1 404 
block5 528 1 9 400 14 1 1 0 1 1 1 550 
block5 522 1 9 50 21 1 1 0 1 1 1 645 
block5 520 1 7 50 25 1 1 0 1 1 1 574 
block5 519 7 7 50 9 1 1 0 1 7 1 453 
block5 526 1 7 400 14 1 1 0 1 1 1 703 
block5 521 7 9 50 27 1 1 0 1 7 1 608 
block5 524 1 3 400 11 1 1 0 1 1 1 329 
block5 517 7 3 50 14 1 1 0 1 7 1 413 
block5 518 1 3 50 11 1 1 0 1 1 1 337 
block5 523 7 3 400 24 1 1 0 1 7 1 381 
block5 525 7 7 400 9 1 1 0 1 7 1 510 
block5 531 7 7 50 11 1 1 0 1 7 1 502 
block5 539 7 9 400 17 1 1 0 1 7 1 424 
block5 538 1 7 400 17 1 1 0 1 1 1 328 
block5 540 1 9 400 20 1 1 0 1 1 1 579 
block5 536 1 3 400 15 1 1 0 1 1 1 334 
block5 529 7 3 50 20 1 1 0 1 7 1 341 
block5 530 1 3 50 25 1 1 0 1 1 1 354 
block5 535 7 3 400 8 1 1 0 1 7 1 371 
block5 532 1 7 50 14 1 1 0 1 1 1 609 
block5 533 7 9 50 17 1 1 0 1 7 1 408 
block5 537 7 7 400 8 1 1 0 1 7 1 310 
block5 534 1 9 50 12 1 1 0 1 1 1 511 
block5 551 7 9 400 12 1 1 0 1 7 1 369 
block5 548 1 3 400 13 1 1 0 1 1 1 364 
block5 545 7 9 50 12 1 1 0 1 7 1 512 
block5 547 7 3 400 24 1 1 0 1 7 1 322 
block5 550 1 7 400 13 1 1 0 1 1 1 372 
block5 544 1 7 50 25 1 1 0 1 1 1 420 
block5 549 7 7 400 11 1 1 0 1 7 1 493 
block5 542 1 3 50 21 1 1 0 1 1 1 357 
block5 546 1 9 50 12 1 1 0 1 1 1 696 
block5 552 1 9 400 27 1 1 0 1 1 1 600 
block5 543 7 7 50 24 1 1 0 1 1 2 503 
block5 541 7 3 50 27 1 1 0 1 7 1 397 
block5 557 7 9 50 17 1 1 0 1 7 1 584 
block5 563 7 9 400 9 1 1 0 1 7 1 467 
block5 560 1 3 400 9 1 1 0 1 1 1 332 
block5 564 1 9 400 8 1 1 0 1 7 2 370 
block5 556 1 7 50 21 1 1 0 1 1 1 582 
block5 561 7 7 400 27 1 1 0 1 7 1 365 
block5 559 7 3 400 25 1 1 0 1 7 1 391 
block5 558 1 9 50 11 1 1 0 1 1 1 397 
block5 562 1 7 400 12 1 1 0 1 1 1 425 
block5 554 1 3 50 11 1 1 0 1 1 1 411 
block5 555 7 7 50 12 1 1 0 1 7 1 352 
block5 553 7 3 50 24 1 1 0 1 1 2 335 
block5 569 7 9 50 21 1 1 0 1 7 1 961 
block5 575 7 9 400 8 1 1 0 1 7 1 704 
block5 573 7 7 400 20 1 1 0 1 7 1 564 
block5 574 1 7 400 11 1 1 0 1 1 1 487 
block5 572 1 3 400 14 1 1 0 1 1 1 424 
block5 567 7 7 50 17 1 1 0 1 7 1 534 
block5 576 1 9 400 9 1 1 0 1 1 1 501 
block5 568 1 7 50 13 1 1 0 1 1 1 573 
block5 565 7 3 50 11 1 1 0 1 7 1 389 
block5 566 1 3 50 15 1 1 0 1 1 1 348 
block5 571 7 3 400 15 1 1 0 1 7 1 309 
block5 570 1 9 50 12 1 1 0 1 1 1 428 
block5 577 7 3 50 25 1 1 0 1 7 1 338 
block5 578 1 3 50 9 1 1 0 1 1 1 327 
block5 579 7 7 50 17 1 1 0 1 7 1 344 
block5 588 1 9 400 9 1 1 0 1 1 1 620 
block5 580 1 7 50 15 1 1 0 1 1 1 350 
block5 584 1 3 400 27 1 1 0 1 1 1 303 
block5 586 1 7 400 15 1 1 0 1 1 1 302 
block5 583 7 3 400 14 1 1 0 1 7 1 369 
block5 587 7 9 400 13 1 1 0 1 7 1 325 
block5 581 7 9 50 14 1 1 0 1 7 1 560 
block5 582 1 9 50 27 1 1 0 1 1 1 317 
block5 585 7 7 400 24 1 1 0 1 7 1 491 
block5 589 7 3 50 13 1 1 0 1 7 1 416 
block5 593 7 9 50 20 1 1 0 1 7 1 367 
block5 595 7 3 400 27 1 1 0 1 7 1 396 
block5 600 1 9 400 25 1 1 0 1 1 1 879 
block5 599 7 9 400 13 1 1 0 1 7 1 407 
block5 590 1 3 50 17 1 1 0 1 1 1 371 
block5 592 1 7 50 11 1 1 0 1 1 1 471 
block5 597 7 7 400 20 1 1 0 1 7 1 632 
block5 596 1 3 400 11 1 1 0 1 1 1 346 
block5 594 1 9 50 24 1 1 0 1 1 1 538 
block5 591 7 7 50 11 1 1 0 1 7 1 475 
block5 598 1 7 400 24 1 1 0 1 1 1 471 
block5 606 1 9 50 15 1 1 0 1 1 1 416 
block5 608 1 3 400 15 1 1 0 1 1 1 416 
block5 611 7 9 400 27 1 1 0 1 7 1 726 
block5 605 7 9 50 20 1 1 0 1 7 1 534 
block5 604 1 7 50 27 1 1 0 1 1 1 475 
block5 612 1 9 400 25 1 1 0 1 1 1 578 
block5 602 1 3 50 20 1 1 0 1 1 1 403 
block5 607 7 3 400 27 1 1 0 1 7 1 360 
block5 609 7 7 400 12 1 1 0 1 7 1 394 
block5 603 7 7 50 21 1 1 0 1 7 1 509 
block5 601 7 3 50 17 1 1 0 1 7 1 314 
block5 610 1 7 400 9 1 1 0 1 1 1 374 
block6 619 7 3 400 17 1 1 0 1 7 1 287 
block6 615 7 7 50 24 1 1 0 1 7 1 489 
block6 617 7 9 50 15 1 1 0 1 7 1 315 
block6 623 7 9 400 25 1 1 0 1 7 1 728 
block6 621 7 7 400 11 1 1 0 1 7 1 423 
block6 624 1 9 400 15 1 1 0 1 1 1 430 
block6 614 1 3 50 14 1 1 0 1 1 1 348 
block6 613 7 3 50 9 1 1 0 1 7 1 336 
block6 620 1 3 400 13 1 1 0 1 1 1 339 
block6 622 1 7 400 12 1 1 0 1 1 1 586 
block6 618 1 9 50 9 1 1 0 1 1 1 316 
block6 616 1 7 50 21 1 1 0 1 1 1 344 
block6 632 1 3 400 9 1 1 0 1 1 1 302 
block6 634 1 7 400 13 1 1 0 1 1 1 289 
block6 625 7 3 50 25 1 1 0 1 7 1 436 
block6 629 7 9 50 24 1 1 0 1 7 1 672 
block6 636 1 9 400 27 1 1 0 1 1 1 314 
block6 628 1 7 50 9 1 1 0 1 1 1 306 
block6 630 1 9 50 13 1 1 0 1 1 1 463 
block6 635 7 9 400 14 1 1 0 1 7 1 466 
block6 626 1 3 50 12 1 1 0 1 1 1 316 
block6 627 7 7 50 11 1 1 0 1 7 1 330 
block6 631 7 3 400 15 1 1 0 1 7 1 343 
block6 633 7 7 400 25 1 1 0 1 1 2 285 
block6 638 1 3 50 15 1 1 0 1 1 1 386 
block6 640 1 7 50 11 1 1 0 1 1 1 386 
block6 637 7 3 50 27 1 1 0 1 7 1 330 
block6 645 7 7 400 12 1 1 0 1 7 1 457 
block6 647 7 9 400 13 1 1 0 1 7 1 635 
block6 641 7 9 50 12 1 1 0 1 7 1 438 
block6 642 1 9 50 27 1 1 0 1 1 1 408 
block6 643 7 3 400 27 1 1 0 1 7 1 342 
block6 646 1 7 400 14 1 1 0 1 1 1 394 
block6 639 7 7 50 9 1 1 0 1 7 1 486 
block6 644 1 3 400 20 1 1 0 1 1 1 331 
block6 648 1 9 400 14 1 1 0 1 1 1 631 
block6 658 1 7 400 27 1 1 0 1 1 1 359 
block6 655 7 3 400 27 1 1 0 1 7 1 311 
block6 649 7 3 50 11 1 1 0 1 7 1 322 
block6 651 7 7 50 12 1 1 0 1 1 2 364 
block6 652 1 7 50 17 1 1 0 1 1 1 368 
block6 656 1 3 400 8 1 1 0 1 1 1 380 
block6 660 1 9 400 15 1 1 0 1 1 1 329 
block6 654 1 9 50 8 1 1 0 1 1 1 407 
block6 653 7 9 50 21 1 1 0 1 1 2 666 
block6 657 7 7 400 27 1 1 0 1 7 1 386 
block6 650 1 3 50 17 1 1 0 1 1 1 386 
block6 659 7 9 400 11 1 1 0 1 7 1 357 
block6 669 7 7 400 8 1 1 0 1 7 1 424 
block6 672 1 9 400 20 1 1 0 1 1 1 335 
block6 668 1 3 400 14 1 1 0 1 1 1 406 
block6 665 7 9 50 14 1 1 0 1 7 1 430 
block6 667 7 3 400 25 1 1 0 1 7 1 365 
block6 662 1 3 50 8 1 1 0 1 1 1 381 
block6 670 1 7 400 15 1 1 0 1 1 1 322 
block6 661 7 3 50 13 1 1 0 1 7 1 346 
block6 671 7 9 400 21 1 1 0 1 7 1 745 
block6 664 1 7 50 24 1 1 0 1 1 1 374 
block6 666 1 9 50 13 1 1 0 1 1 1 340 
block6 663 7 7 50 11 1 1 0 1 7 1 538 
block6 684 1 9 400 14 1 1 0 1 1 1 580 
block6 675 7 7 50 13 1 1 0 1 7 1 427 
block6 680 1 3 400 15 1 1 0 1 1 1 356 
block6 683 7 9 400 25 1 1 0 1 7 1 324 
block6 676 1 7 50 11 1 1 0 1 1 1 332 
block6 679 7 3 400 12 1 1 0 1 7 1 464 
block6 673 7 3 50 11 1 1 0 1 7 1 1068 
block6 682 1 7 400 15 1 1 0 1 1 1 319 
block6 678 1 9 50 14 1 1 0 1 7 2 341 
block6 674 1 3 50 25 1 1 0 1 1 1 405 
block6 677 7 9 50 20 1 1 0 1 7 1 698 
block6 681 7 7 400 24 1 1 0 1 7 1 431 
block6 685 7 3 50 27 1 1 0 1 7 1 361 
block6 694 1 7 400 8 1 1 0 1 1 1 303 
block6 686 1 3 50 12 1 1 0 1 1 1 375 
block6 687 7 7 50 17 1 1 0 1 7 1 364 
block6 695 7 9 400 9 1 1 0 1 7 1 351 
block6 689 7 9 50 27 1 1 0 1 7 1 732 
block6 690 1 9 50 8 1 1 0 1 1 1 613 
block6 688 1 7 50 15 1 1 0 1 1 1 345 
block6 692 1 3 400 24 1 1 0 1 1 1 427 
block6 693 7 7 400 27 1 1 0 1 7 1 281 
block6 696 1 9 400 14 1 1 0 1 1 1 289 
block6 691 7 3 400 27 1 1 0 1 7 1 315 
block6 700 1 7 50 11 1 1 0 1 1 1 364 
block6 701 7 9 50 13 1 1 0 1 7 1 375 
block6 697 7 3 50 8 1 1 0 1 7 1 282 
block6 699 7 7 50 11 1 1 0 1 7 1 285 
block6 706 1 7 400 8 1 1 0 1 1 1 256 
block6 707 7 9 400 9 1 1 0 1 7 1 377 
block6 702 1 9 50 11 1 1 0 1 1 1 421 
block6 705 7 7 400 25 1 1 0 1 7 1 316 
block6 698 1 3 50 8 1 1 0 1 1 1 321 
block6 708 1 9 400 15 1 1 0 1 1 1 305 
block6 704 1 3 400 13 1 1 0 1 1 1 341 
block6 703 7 3 400 14 1 1 0 1 7 1 312 
block6 712 1 7 50 9 1 1 0 1 1 1 328 
block6 719 7 9 400 27 1 1 0 1 7 1 331 
block6 717 7 7 400 25 1 1 0 1 1 2 370 
block6 718 1 7 400 14 1 1 0 1 1 1 310 
block6 709 7 3 50 25 1 1 0 1 7 1 390 
block6 710 1 3 50 14 1 1 0 1 1 1 306 
block6 715 7 3 400 12 1 1 0 1 7 1 410 
block6 716 1 3 400 12 1 1 0 1 1 1 673 
block6 720 1 9 400 13 1 1 0 1 7 2 314 
block6 713 7 9 50 11 1 1 0 1 7 1 530 
block6 711 7 7 50 17 1 1 0 1 7 1 393 
block6 714 1 9 50 14 1 1 0 1 1 1 435 
block6 728 1 3 400 14 1 1 0 1 1 1 320 
block6 731 7 9 400 15 1 1 0 1 7 1 388 
block6 722 1 3 50 25 1 1 0 1 1 1 330 
block6 721 7 3 50 13 1 1 0 1 7 1 333 
block6 732 1 9 400 21 1 1 0 1 1 1 586 
block6 726 1 9 50 11 1 1 0 1 1 1 363 
block6 729 7 7 400 24 1 1 0 1 7 1 564 
block6 723 7 7 50 13 1 1 0 1 7 1 434 
block6 730 1 7 400 14 1 1 0 1 1 1 569 
block6 724 1 7 50 14 1 1 0 1 1 1 383 
block6 725 7 9 50 8 1 1 0 1 7 1 453 
block6 727 7 3 400 25 1 1 0 1 7 1 364 
block7 738 1 9 50 13 1 1 0 1 1 1 407 
block7 735 7 7 50 14 1 1 0 1 7 1 847 
block7 737 7 9 50 11 1 1 0 1 7 1 568 
block7 743 7 9 400 15 1 1 0 1 7 1 870 
block7 740 1 3 400 17 1 1 0 1 1 1 318 
block7 744 1 9 400 17 1 1 0 1 1 1 305 
block7 736 1 7 50 15 1 1 0 1 1 1 343 
block7 741 7 7 400 11 1 1 0 1 7 1 591 
block7 742 1 7 400 20 1 1 0 1 1 1 351 
block7 733 7 3 50 11 1 1 0 1 7 1 485 
block7 739 7 3 400 12 1 1 0 1 7 1 317 
block7 734 1 3 50 12 1 1 0 1 1 1 320 
block7 753 7 7 400 13 1 1 0 1 1 2 293 
block7 750 1 9 50 27 1 1 0 1 1 1 338 
block7 746 1 3 50 8 1 1 0 1 1 1 330 
block7 752 1 3 400 11 1 1 0 1 1 1 341 
block7 755 7 9 400 21 1 1 0 1 7 1 557 
block7 754 1 7 400 9 1 1 0 1 1 1 314 
block7 747 7 7 50 20 1 1 0 1 7 1 357 
block7 751 7 3 400 14 1 1 0 1 7 1 408 
block7 749 7 9 50 27 1 1 0 1 7 1 499 
block7 748 1 7 50 25 1 1 0 1 1 1 350 
block7 756 1 9 400 14 1 1 0 1 1 1 704 
block7 745 7 3 50 12 1 1 0 1 7 1 370 
block7 763 7 3 400 17 1 1 0 1 7 1 305 
block7 761 7 9 50 9 1 1 0 1 7 1 401 
block7 758 1 3 50 13 1 1 0 1 1 1 424 
block7 757 7 3 50 20 1 1 0 1 7 1 425 
block7 766 1 7 400 21 1 1 0 1 1 1 346 
block7 768 1 9 400 8 1 1 0 1 1 1 775 
block7 759 7 7 50 12 1 1 0 1 7 1 410 
block7 764 1 3 400 27 1 1 0 1 1 1 297 
block7 762 1 9 50 13 1 1 0 1 1 1 648 
block7 760 1 7 50 13 1 1 0 1 1 1 458 
block7 765 7 7 400 24 1 1 0 1 7 1 645 
block7 767 7 9 400 12 1 1 0 1 7 1 558 
block7 774 1 9 50 14 1 1 0 1 1 1 380 
block7 777 7 7 400 17 1 1 0 1 7 1 314 
block7 770 1 3 50 17 1 1 0 1 1 1 350 
block7 779 7 9 400 25 1 1 0 1 7 1 1090 
block7 773 7 9 50 11 1 1 0 1 7 1 638 
block7 769 7 3 50 11 1 1 0 1 7 1 388 
block7 772 1 7 50 24 1 1 0 1 1 1 429 
block7 775 7 3 400 27 1 1 0 1 7 1 341 
block7 780 1 9 400 17 1 1 0 1 1 1 273 
block7 778 1 7 400 20 1 1 0 1 1 1 449 
block7 771 7 7 50 9 1 1 0 1 7 1 379 
block7 776 1 3 400 21 1 1 0 1 1 1 320 
block7 784 1 7 50 27 1 1 0 1 1 1 408 
block7 790 1 7 400 25 1 1 0 1 1 1 463 
block7 785 7 9 50 11 1 1 0 1 7 1 470 
block7 782 1 3 50 9 1 1 0 1 1 1 323 
block7 788 1 3 400 8 1 1 0 1 1 1 651 
block7 783 7 7 50 21 1 1 0 1 7 1 589 
block7 786 1 9 50 13 1 1 0 1 1 1 414 
block7 781 7 3 50 14 1 1 0 1 7 1 412 
block7 791 7 9 400 20 1 1 0 1 7 1 618 
block7 787 7 3 400 25 1 1 0 1 7 1 388 
block7 792 1 9 400 14 1 1 0 1 1 1 414 
block7 789 7 7 400 24 1 1 0 1 7 1 340 
block7 802 1 7 400 8 1 1 0 1 1 1 336 
block7 800 1 3 400 13 1 1 0 1 1 1 350 
block7 794 1 3 50 13 1 1 0 1 1 1 317 
block7 799 7 3 400 24 1 1 0 1 7 1 387 
block7 793 7 3 50 9 1 1 0 1 7 1 393 
block7 795 7 7 50 15 1 1 0 1 7 1 319 
block7 798 1 9 50 21 1 1 0 1 1 1 345 
block7 796 1 7 50 13 1 1 0 1 1 1 491 
block7 803 7 9 400 11 1 1 0 1 7 1 357 
block7 797 7 9 50 13 1 1 0 1 7 1 557 
block7 801 7 7 400 11 1 1 0 1 7 1 568 
block7 804 1 9 400 20 1 1 0 1 1 1 572 
block7 805 7 3 50 15 1 1 0 1 7 1 363 
block7 808 1 7 50 9 1 1 0 1 1 1 332 
block7 806 1 3 50 21 1 1 0 1 1 1 316 
block7 812 1 3 400 15 1 1 0 1 1 1 327 
block7 815 7 9 400 9 1 1 0 1 7 1 751 
block7 809 7 9 50 15 1 1 0 1 7 1 377 
block7 814 1 7 400 25 1 1 0 1 1 1 355 
block7 810 1 9 50 21 1 1 0 1 1 1 847 
block7 813 7 7 400 8 1 1 0 1 7 1 500 
block7 816 1 9 400 20 1 1 0 1 1 1 349 
block7 811 7 3 400 12 1 1 0 1 7 1 297 
block7 807 7 7 50 14 1 1 0 1 7 1 506 
block7 820 1 7 50 13 1 1 0 1 1 1 317 
block7 818 1 3 50 8 1 1 0 1 1 1 313 
block7 824 1 3 400 20 1 1 0 1 7 2 331 
block7 817 7 3 50 14 1 1 0 1 7 1 421 
block7 823 7 3 400 11 1 1 0 1 7 1 325 
block7 827 7 9 400 15 1 1 0 1 7 1 386 
block7 822 1 9 50 17 1 1 0 1 1 1 336 
block7 825 7 7 400 8 1 1 0 1 7 1 319 
block7 819 7 7 50 20 1 1 0 1 1 2 402 
block7 828 1 9 400 15 1 1 0 1 1 1 506 
block7 826 1 7 400 11 1 1 0 1 1 1 351 
block7 821 7 9 50 17 1 1 0 1 7 1 331 
block7 838 1 7 400 12 1 1 0 1 1 1 257 
block7 835 7 3 400 15 1 1 0 1 7 1 298 
block7 837 7 7 400 9 1 1 0 1 1 2 273 
block7 832 1 7 50 15 1 1 0 1 1 1 488 
block7 836 1 3 400 20 1 1 0 1 1 1 311 
block7 840 1 9 400 21 1 1 0 1 1 1 419 
block7 829 7 3 50 13 1 1 0 1 7 1 357 
block7 830 1 3 50 15 1 1 0 1 1 1 404 
block7 833 7 9 50 20 1 1 0 1 7 1 732 
block7 831 7 7 50 15 1 1 0 1 7 1 472 
block7 839 7 9 400 24 1 1 0 1 7 1 932 
block7 834 1 9 50 8 1 1 0 1 1 1 379 
block7 848 1 3 400 12 1 1 0 1 1 1 334 
block7 847 7 3 400 14 1 1 0 1 7 1 436 
block7 844 1 7 50 12 1 1 0 1 1 1 375 
block7 843 7 7 50 15 1 1 0 1 7 1 332 
block7 851 7 9 400 21 1 1 0 1 7 1 669 
block7 841 7 3 50 15 1 1 0 1 7 1 397 
block7 846 1 9 50 12 1 1 0 1 1 1 394 
block7 842 1 3 50 20 1 1 0 1 1 1 393 
block7 850 1 7 400 15 1 1 0 1 1 1 568 
block7 845 7 9 50 12 1 1 0 1 7 1 367 
block7 852 1 9 400 15 1 1 0 1 1 1 530 
block7 849 7 7 400 27 1 1 0 1 7 1 483 
block8 859 7 3 400 24 1 1 0 1 7 1 334 
block8 853 7 3 50 17 1 1 0 1 7 1 302 
block8 861 7 7 400 13 1 1 0 1 7 1 283 
block8 864 1 9 400 14 1 1 0 1 1 1 365 
block8 857 7 9 50 25 1 1 0 1 7 1 438 
block8 863 7 9 400 14 1 1 0 1 7 1 401 
block8 858 1 9 50 27 1 1 0 1 7 2 347 
block8 856 1 7 50 12 1 1 0 1 7 2 449 
block8 862 1 7 400 21 1 1 0 1 1 1 417 
block8 860 1 3 400 27 1 1 0 1 1 1 342 
block8 854 1 3 50 14 1 1 0 1 1 1 333 
block8 855 7 7 50 15 1 1 0 1 7 1 389 
block8 866 1 3 50 13 1 1 0 1 1 1 332 
block8 873 7 7 400 12 1 1 0 1 7 1 580 
block8 876 1 9 400 17 1 1 0 1 1 1 418 
block8 874 1 7 400 25 1 1 0 1 1 1 632 
block8 867 7 7 50 25 1 1 0 1 7 1 700 
block8 869 7 9 50 14 1 1 0 1 7 1 569 
block8 875 7 9 400 27 1 1 0 1 7 1 388 
block8 872 1 3 400 25 1 1 0 1 1 1 370 
block8 865 7 3 50 21 1 1 0 1 7 1 605 
block8 870 1 9 50 24 1 1 0 1 1 1 362 
block8 871 7 3 400 14 1 1 0 1 7 1 372 
block8 868 1 7 50 13 1 1 0 1 1 1 328 
block8 882 1 9 50 8 1 1 0 1 1 1 332 
block8 881 7 9 50 17 1 1 0 1 7 1 319 
block8 883 7 3 400 25 1 1 0 1 7 1 340 
block8 879 7 7 50 21 1 1 0 1 1 2 400 
block8 888 1 9 400 9 1 1 0 1 1 1 878 
block8 885 7 7 400 24 1 1 0 1 7 1 358 
block8 880 1 7 50 24 1 1 0 1 1 1 745 
block8 884 1 3 400 9 1 1 0 1 1 1 331 
block8 887 7 9 400 15 1 1 0 1 7 1 278 
block8 886 1 7 400 14 1 1 0 1 1 1 306 
block8 877 7 3 50 13 1 1 0 1 7 1 438 
block8 878 1 3 50 14 1 1 0 1 1 1 313 
block8 893 7 9 50 21 1 1 0 1 7 1 330 
block8 894 1 9 50 17 1 1 0 1 1 1 409 
block8 898 1 7 400 13 1 1 0 1 1 1 637 
block8 900 1 9 400 20 1 1 0 1 1 1 331 
block8 892 1 7 50 14 1 1 0 1 1 1 333 
block8 896 1 3 400 13 1 1 0 1 1 1 322 
block8 889 7 3 50 25 1 1 0 1 7 1 337 
block8 899 7 9 400 17 1 1 0 1 7 1 404 
block8 890 1 3 50 15 1 1 0 1 1 1 351 
block8 897 7 7 400 12 1 1 0 1 7 1 590 
block8 891 7 7 50 24 1 1 0 1 1 2 308 
block8 895 7 3 400 27 1 1 0 1 7 1 340 
block8 901 7 3 50 20 1 1 0 1 7 1 404 
block8 906 1 9 50 8 1 1 0 1 7 2 721 
block8 910 1 7 400 24 1 1 0 1 1 1 469 
block8 911 7 9 400 8 1 1 0 1 7 1 508 
block8 904 1 7 50 17 1 1 0 1 1 1 625 
block8 912 1 9 400 21 1 1 0 1 1 1 408 
block8 908 1 3 400 25 1 1 0 1 1 1 376 
block8 907 7 3 400 25 1 1 0 1 7 1 333 
block8 902 1 3 50 13 1 1 0 1 1 1 335 
block8 905 7 9 50 27 1 1 0 1 7 1 382 
block8 903 7 7 50 14 1 1 0 1 7 1 788 
block8 909 7 7 400 25 1 1 0 1 7 1 382 
block8 913 7 3 50 12 1 1 0 1 7 1 303 
block8 920 1 3 400 24 1 1 0 1 1 1 319 
block8 922 1 7 400 21 1 1 0 1 1 1 409 
block8 918 1 9 50 8 1 1 0 1 7 2 342 
block8 915 7 7 50 9 1 1 0 1 7 1 438 
block8 917 7 9 50 8 1 1 0 1 7 1 474 
block8 914 1 3 50 25 1 1 0 1 1 1 423 
block8 916 1 7 50 15 1 1 0 1 1 1 455 
block8 923 7 9 400 17 1 1 0 1 7 1 497 
block8 924 1 9 400 8 1 1 0 1 1 1 628 
block8 921 7 7 400 20 1 1 0 1 7 1 514 
block8 919 7 3 400 17 1 1 0 1 7 1 345 
block8 928 1 7 50 8 1 1 0 1 1 1 367 
block8 936 1 9 400 9 1 1 0 1 1 1 990 
block8 935 7 9 400 11 1 1 0 1 7 1 483 
block8 932 1 3 400 21 1 1 0 1 1 1 313 
block8 934 1 7 400 11 1 1 0 1 1 1 324 
block8 931 7 3 400 27 1 1 0 1 7 1 333 
block8 929 7 9 50 14 1 1 0 1 7 1 581 
block8 925 7 3 50 20 1 1 0 1 7 1 329 
block8 933 7 7 400 20 1 1 0 1 7 1 370 
block8 926 1 3 50 11 1 1 0 1 1 1 347 
block8 930 1 9 50 8 1 1 0 1 1 1 395 
block8 927 7 7 50 17 1 1 0 1 7 1 358 
block8 937 7 3 50 9 1 1 0 1 7 1 411 
block8 938 1 3 50 20 1 1 0 1 1 1 308 
block8 944 1 3 400 9 1 1 0 1 1 1 375 
block8 948 1 9 400 15 1 1 0 1 1 1 397 
block8 939 7 7 50 14 1 1 0 1 7 1 429 
block8 946 1 7 400 21 1 1 0 1 1 1 340 
block8 947 7 9 400 21 1 1 0 1 7 1 569 
block8 942 1 9 50 8 1 1 0 1 1 1 327 
block8 943 7 3 400 9 1 1 0 1 7 1 327 
block8 945 7 7 400 9 1 1 0 1 7 1 529 
block8 941 7 9 50 27 1 1 0 1 7 1 387 
block8 940 1 7 50 17 1 1 0 1 1 1 313 
block8 957 7 7 400 14 1 1 0 1 7 1 511 
block8 955 7 3 400 14 1 1 0 1 7 1 315 
block8 954 1 9 50 21 1 1 0 1 1 1 384 
block8 950 1 3 50 13 1 1 0 1 1 1 441 
block8 951 7 7 50 14 1 1 0 1 7 1 422 
block8 949 7 3 50 12 1 1 0 1 7 1 323 
block8 953 7 9 50 27 1 1 0 1 7 1 541 
block8 952 1 7 50 9 1 1 0 1 1 1 342 
block8 958 1 7 400 21 1 1 0 1 1 1 410 
block8 959 7 9 400 20 1 1 0 1 7 1 506 
block8 956 1 3 400 14 1 1 0 1 1 1 396 
block8 960 1 9 400 12 1 1 0 1 1 1 600 
block8 961 7 3 50 11 1 1 0 1 7 1 355 
block8 969 7 7 400 21 1 1 0 1 1 2 344 
block8 967 7 3 400 13 1 1 0 1 7 1 389 
block8 962 1 3 50 25 1 1 0 1 1 1 461 
block8 965 7 9 50 27 1 1 0 1 7 1 361 
block8 972 1 9 400 27 1 1 0 1 1 1 430 
block8 963 7 7 50 20 1 1 0 1 7 1 415 
block8 966 1 9 50 9 1 1 0 1 1 1 475 
block8 971 7 9 400 13 1 1 0 1 7 1 727 
block8 970 1 7 400 20 1 1 0 1 1 1 320 
block8 964 1 7 50 15 1 1 0 1 1 1 376 
block8 968 1 3 400 25 1 1 0 1 1 1 380 
block9 983 7 9 400 20 1 1 0 1 7 1 759 
block9 980 1 3 400 12 1 1 0 1 1 1 329 
block9 974 1 3 50 9 1 1 0 1 1 1 349 
block9 973 7 3 50 8 1 1 0 1 7 1 506 
block9 982 1 7 400 12 1 1 0 1 1 1 599 
block9 984 1 9 400 25 1 1 0 1 1 1 433 
block9 976 1 7 50 17 1 1 0 1 1 1 346 
block9 979 7 3 400 17 1 1 0 1 7 1 645 
block9 977 7 9 50 27 1 1 0 1 7 1 612 
block9 981 7 7 400 14 1 1 0 1 7 1 513 
block9 978 1 9 50 24 1 1 0 1 1 1 427 
block9 975 7 7 50 20 1 1 0 1 7 1 471 
block9 996 1 9 400 17 1 1 0 1 1 1 316 
block9 985 7 3 50 9 1 1 0 1 7 1 397 
block9 995 7 9 400 21 1 1 0 1 7 1 709 
block9 990 1 9 50 25 1 1 0 1 1 1 823 
block9 987 7 7 50 20 1 1 0 1 7 1 378 
block9 989 7 9 50 27 1 1 0 1 7 1 439 
block9 991 7 3 400 11 1 1 0 1 7 1 359 
block9 988 1 7 50 20 1 1 0 1 1 1 514 
block9 986 1 3 50 27 1 1 0 1 1 1 326 
block9 992 1 3 400 14 1 1 0 1 1 1 527 
block9 994 1 7 400 13 1 1 0 1 1 1 252 
block9 993 7 7 400 8 1 1 0 1 7 1 570 
block9 1005 7 7 400 27 1 1 0 1 7 1 393 
block9 1007 7 9 400 13 1 1 0 1 7 1 496 
block9 999 7 7 50 21 1 1 0 1 7 1 479 
block9 1000 1 7 50 21 1 1 0 1 1 1 327 
block9 1002 1 9 50 9 1 1 0 1 1 1 344 
block9 1006 1 7 400 9 1 1 0 1 1 1 514 
block9 998 1 3 50 12 1 1 0 1 1 1 373 
block9 1003 7 3 400 12 1 1 0 1 7 1 341 
block9 1008 1 9 400 8 1 1 0 1 1 1 389 
block9 997 7 3 50 9 1 1 0 1 7 1 388 
block9 1004 1 3 400 8 1 1 0 1 1 1 327 
block9 1001 7 9 50 11 1 1 0 1 7 1 570 
block9 1016 1 3 400 15 1 1 0 1 1 1 330 
block9 1017 7 7 400 11 1 1 0 1 7 1 390 
block9 1011 7 7 50 13 1 1 0 1 7 1 764 
block9 1019 7 9 400 12 1 1 0 1 7 1 502 
block9 1009 7 3 50 13 1 1 0 1 7 1 360 
block9 1020 1 9 400 21 1 1 0 1 1 1 532 
block9 1018 1 7 400 21 1 1 0 1 1 1 713 
block9 1012 1 7 50 14 1 1 0 1 1 1 535 
block9 1013 7 9 50 21 1 1 0 1 7 1 324 
block9 1010 1 3 50 11 1 1 0 1 1 1 296 
block9 1014 1 9 50 21 1 1 0 1 1 1 416 
block9 1015 7 3 400 15 1 1 0 1 7 1 310 
block9 1031 7 9 400 14 1 1 0 1 7 1 510 
block9 1025 7 9 50 25 1 1 0 1 7 1 497 
block9 1027 7 3 400 13 1 1 0 1 1 2 275 
block9 1023 7 7 50 11 1 1 0 1 7 1 363 
block9 1026 1 9 50 21 1 1 0 1 1 1 456 
block9 1022 1 3 50 17 1 1 0 1 1 1 380 
block9 1032 1 9 400 8 1 1 0 1 1 1 301 
block9 1024 1 7 50 27 1 1 0 1 1 1 314 
block9 1030 1 7 400 14 1 1 0 1 1 1 603 
block9 1028 1 3 400 24 1 1 0 1 7 2 333 
block9 1029 7 7 400 17 1 1 0 1 7 1 478 
block9 1021 7 3 50 27 1 1 0 1 7 1 433 
block9 1034 1 3 50 11 1 1 0 1 1 1 318 
block9 1042 1 7 400 8 1 1 0 1 1 1 370 
block9 1044 1 9 400 21 1 1 0 1 1 1 327 
block9 1043 7 9 400 25 1 1 0 1 7 1 1317 
block9 1037 7 9 50 21 1 1 0 1 7 1 622 
block9 1038 1 9 50 15 1 1 0 1 1 1 511 
block9 1033 7 3 50 17 1 1 0 1 7 1 346 
block9 1036 1 7 50 24 1 1 0 1 1 1 433 
block9 1035 7 7 50 24 1 1 0 1 7 1 423 
block9 1039 7 3 400 11 1 1 0 1 7 1 377 
block9 1041 7 7 400 24 1 1 0 1 7 1 400 
block9 1040 1 3 400 13 1 1 0 1 1 1 352 
block9 1050 1 9 50 13 1 1 0 1 1 1 545 
block9 1045 7 3 50 12 1 1 0 1 7 1 340 
block9 1049 7 9 50 8 1 1 0 1 7 1 477 
block9 1047 7 7 50 12 1 1 0 1 7 1 467 
block9 1052 1 3 400 14 1 1 0 1 1 1 413 
block9 1054 1 7 400 13 1 1 0 1 1 1 687 
block9 1056 1 9 400 12 1 1 0 1 1 1 527 
block9 1046 1 3 50 21 1 1 0 1 1 1 311 
block9 1048 1 7 50 17 1 1 0 1 1 1 383 
block9 1051 7 3 400 25 1 1 0 1 7 1 355 
block9 1055 7 9 400 13 1 1 0 1 7 1 416 
block9 1053 7 7 400 13 1 1 0 1 7 1 467 
block9 1063 7 3 400 15 1 1 0 1 7 1 351 
block9 1059 7 7 50 21 1 1 0 1 7 1 495 
block9 1067 7 9 400 21 1 1 0 1 1 2 534 
block9 1065 7 7 400 14 1 1 0 1 7 1 371 
block9 1066 1 7 400 17 1 1 0 1 1 1 321 
block9 1058 1 3 50 27 1 1 0 1 1 1 352 
block9 1064 1 3 400 24 1 1 0 1 1 1 317 
block9 1068 1 9 400 21 1 1 0 1 1 1 486 
block9 1057 7 3 50 12 1 1 0 1 7 1 367 
block9 1061 7 9 50 13 1 1 0 1 7 1 467 
block9 1062 1 9 50 17 1 1 0 1 1 1 454 
block9 1060 1 7 50 13 1 1 0 1 1 1 329 
block9 1070 1 3 50 8 1 1 0 1 1 1 270 
block9 1080 1 9 400 24 1 1 0 1 1 1 372 
block9 1074 1 9 50 25 1 1 0 1 1 1 375 
block9 1071 7 7 50 8 1 1 0 1 7 1 447 
block9 1077 7 7 400 9 1 1 0 1 1 2 316 
block9 1073 7 9 50 11 1 1 0 1 7 1 544 
block9 1076 1 3 400 14 1 1 0 1 1 1 486 
block9 1079 7 9 400 15 1 1 0 1 7 1 326 
block9 1072 1 7 50 11 1 1 0 1 1 1 274 
block9 1078 1 7 400 14 1 1 0 1 1 1 299 
block9 1069 7 3 50 9 1 1 0 1 7 1 345 
block9 1075 7 3 400 8 1 1 0 1 7 1 330 
block9 1085 7 9 50 11 1 1 0 1 7 1 460 
block9 1083 7 7 50 25 1 1 0 1 7 1 510 
block9 1090 1 7 400 13 1 1 0 1 1 1 600 
block9 1081 7 3 50 24 1 1 0 1 7 1 447 
block9 1084 1 7 50 20 1 1 0 1 1 1 351 
block9 1092 1 9 400 12 1 1 0 1 1 1 356 
block9 1088 1 3 400 9 1 1 0 1 1 1 344 
block9 1086 1 9 50 12 1 1 0 1 1 1 363 
block9 1087 7 3 400 13 1 1 0 1 7 1 535 
block9 1091 7 9 400 21 1 1 0 1 1 2 558 
block9 1089 7 7 400 15 1 1 0 1 7 1 387 
block9 1082 1 3 50 12 1 1 0 1 1 1 326 
block10 1095 7 7 50 9 1 1 0 1 7 1 571 
block10 1094 1 3 50 12 1 1 0 1 1 1 397 
block10 1103 7 9 400 27 1 1 0 1 7 1 380 
block10 1101 7 7 400 17 1 1 0 1 7 1 438 
block10 1104 1 9 400 9 1 1 0 1 1 1 324 
block10 1093 7 3 50 11 1 1 0 1 7 1 328 
block10 1102 1 7 400 20 1 1 0 1 1 1 271 
block10 1100 1 3 400 12 1 1 0 1 1 1 346 
block10 1099 7 3 400 15 1 1 0 1 7 1 422 
block10 1097 7 9 50 15 1 1 0 1 7 1 390 
block10 1098 1 9 50 15 1 1 0 1 1 1 329 
block10 1096 1 7 50 27 1 1 0 1 1 1 351 
block10 1107 7 7 50 14 1 1 0 1 7 1 464 
block10 1109 7 9 50 14 1 1 0 1 7 1 559 
block10 1110 1 9 50 14 1 1 0 1 1 1 384 
block10 1113 7 7 400 13 1 1 0 1 7 1 719 
block10 1114 1 7 400 9 1 1 0 1 1 1 515 
block10 1112 1 3 400 27 1 1 0 1 1 1 323 
block10 1111 7 3 400 21 1 1 0 1 7 1 370 
block10 1105 7 3 50 20 1 1 0 1 7 1 337 
block10 1115 7 9 400 20 1 1 0 1 7 1 344 
block10 1116 1 9 400 12 1 1 0 1 1 1 737 
block10 1106 1 3 50 25 1 1 0 1 1 1 374 
block10 1108 1 7 50 14 1 1 0 1 1 1 500 
block10 1119 7 7 50 12 1 1 0 1 7 1 326 
block10 1124 1 3 400 20 1 1 0 1 1 1 296 
block10 1118 1 3 50 13 1 1 0 1 1 1 336 
block10 1120 1 7 50 17 1 1 0 1 1 1 347 
block10 1121 7 9 50 20 1 1 0 1 7 1 765 
block10 1122 1 9 50 8 1 1 0 1 1 1 397 
block10 1126 1 7 400 11 1 1 0 1 1 1 392 
block10 1128 1 9 400 8 1 1 0 1 1 1 360 
block10 1117 7 3 50 11 1 1 0 1 7 1 406 
block10 1125 7 7 400 17 1 1 0 1 7 1 340 
block10 1123 7 3 400 12 1 1 0 1 7 1 347 
block10 1127 7 9 400 25 1 1 0 1 7 1 942 
block10 1137 7 7 400 24 1 1 0 1 7 1 357 
block10 1139 7 9 400 13 1 1 0 1 7 1 324 
block10 1133 7 9 50 12 1 1 0 1 7 1 600 
block10 1136 1 3 400 15 1 1 0 1 1 1 316 
block10 1134 1 9 50 15 1 1 0 1 1 1 378 
block10 1131 7 7 50 12 1 1 0 1 7 1 373 
block10 1135 7 3 400 12 1 1 0 1 7 1 297 
block10 1130 1 3 50 14 1 1 0 1 1 1 390 
block10 1129 7 3 50 15 1 1 0 1 7 1 302 
block10 1138 1 7 400 17 1 1 0 1 1 1 273 
block10 1140 1 9 400 14 1 1 0 1 1 1 318 
block10 1132 1 7 50 9 1 1 0 1 1 1 302 
block10 1152 1 9 400 14 1 1 0 1 1 1 514 
block10 1142 1 3 50 21 1 1 0 1 1 1 346 
block10 1148 1 3 400 12 1 1 0 1 1 1 422 
block10 1144 1 7 50 13 1 1 0 1 1 1 415 
block10 1141 7 3 50 14 1 1 0 1 7 1 291 
block10 1143 7 7 50 25 1 1 0 1 1 2 485 
block10 1150 1 7 400 17 1 1 0 1 1 1 347 
block10 1149 7 7 400 24 1 1 0 1 7 1 354 
block10 1146 1 9 50 27 1 1 0 1 1 1 319 
block10 1147 7 3 400 14 1 1 0 1 7 1 355 
block10 1145 7 9 50 9 1 1 0 1 7 1 402 
block10 1151 7 9 400 20 1 1 0 1 7 1 377 
block10 1163 7 9 400 20 1 1 0 1 7 1 362 
block10 1157 7 9 50 13 1 1 0 1 7 1 410 
block10 1161 7 7 400 14 1 1 0 1 7 1 467 
block10 1156 1 7 50 9 1 1 0 1 1 1 296 
block10 1159 7 3 400 24 1 1 0 1 7 1 605 
block10 1153 7 3 50 27 1 1 0 1 7 1 337 
block10 1164 1 9 400 20 1 1 0 1 1 1 621 
block10 1158 1 9 50 8 1 1 0 1 1 1 494 
block10 1160 1 3 400 20 1 1 0 1 1 1 299 
block10 1154 1 3 50 21 1 1 0 1 1 1 292 
block10 1155 7 7 50 8 1 1 0 1 7 1 443 
block10 1162 1 7 400 20 1 1 0 1 1 1 321 
block10 1172 1 3 400 27 1 1 0 1 1 1 313 
block10 1169 7 9 50 27 1 1 0 1 7 1 343 
block10 1167 7 7 50 13 1 1 0 1 7 1 369 
block10 1171 7 3 400 24 1 1 0 1 7 1 393 
block10 1165 7 3 50 20 1 1 0 1 7 1 365 
block10 1176 1 9 400 27 1 1 0 1 1 1 305 
block10 1174 1 7 400 15 1 1 0 1 1 1 308 
block10 1166 1 3 50 13 1 1 0 1 1 1 297 
block10 1168 1 7 50 15 1 1 0 1 1 1 286 
block10 1173 7 7 400 20 1 1 0 1 7 1 342 
block10 1175 7 9 400 15 1 1 0 1 7 1 664 
block10 1170 1 9 50 14 1 1 0 1 7 2 336 
block10 1188 1 9 400 25 1 1 0 1 1 1 327 
block10 1183 7 3 400 27 1 1 0 1 7 1 327 
block10 1185 7 7 400 20 1 1 0 1 7 1 334 
block10 1179 7 7 50 25 1 1 0 1 7 1 444 
block10 1178 1 3 50 9 1 1 0 1 1 1 332 
block10 1182 1 9 50 25 1 1 0 1 1 1 304 
block10 1181 7 9 50 15 1 1 0 1 7 1 398 
block10 1186 1 7 400 24 1 1 0 1 1 1 279 
block10 1180 1 7 50 15 1 1 0 1 7 2 353 
block10 1177 7 3 50 15 1 1 0 1 7 1 332 
block10 1184 1 3 400 20 1 1 0 1 1 1 298 
block10 1187 7 9 400 11 1 1 0 1 7 1 431 
block10 1195 7 3 400 14 1 1 0 1 7 1 390 
block10 1193 7 9 50 27 1 1 0 1 7 1 325 
block10 1194 1 9 50 27 1 1 0 1 1 1 525 
block10 1199 7 9 400 21 1 1 0 1 7 1 684 
block10 1192 1 7 50 13 1 1 0 1 1 1 305 
block10 1191 7 7 50 13 1 1 0 1 7 1 423 
block10 1190 1 3 50 17 1 1 0 1 1 1 332 
block10 1200 1 9 400 8 1 1 0 1 1 1 304 
block10 1198 1 7 400 24 1 1 0 1 1 1 320 
block10 1196 1 3 400 8 1 1 0 1 1 1 309 
block10 1189 7 3 50 14 1 1 0 1 7 1 333 
block10 1197 7 7 400 20 1 1 0 1 7 1 338 
block10 1212 1 9 400 24 1 1 0 1 1 1 350 
block10 1201 7 3 50 15 1 1 0 1 7 1 361 
block10 1206 1 9 50 17 1 1 0 1 1 1 251 
block10 1211 7 9 400 9 1 1 0 1 7 1 743 
block10 1205 7 9 50 12 1 1 0 1 7 1 587 
block10 1203 7 7 50 25 1 1 0 1 7 1 510 
block10 1209 7 7 400 14 1 1 0 1 7 1 445 
block10 1208 1 3 400 15 1 1 0 1 1 1 315 
block10 1204 1 7 50 9 1 1 0 1 1 1 315 
block10 1210 1 7 400 9 1 1 0 1 1 1 296 
block10 1202 1 3 50 13 1 1 0 1 1 1 285 
block10 1207 7 3 400 8 1 1 0 1 7 1 287 
