blockName counter targetLR setSize isi cueUcOrLc congr competing preivewOrNot keyPressed keyStatus rt NA
prc 5 7 9 50 15 1 1 0 1 7 1 3597
prc 3 7 7 50 15 1 1 0 1 7 1 1835
prc 11 7 9 400 15 1 1 0 1 7 3 10000
prc 4 1 7 50 15 1 1 0 1 1 1 990
prc 1 7 3 50 15 1 1 0 1 7 1 779
prc 9 7 7 400 15 1 1 0 1 7 1 1625
prc 10 1 7 400 15 1 1 0 1 1 1 1279
prc 2 1 3 50 15 1 1 0 1 1 1 1156
prc 12 1 9 400 15 1 1 0 1 1 1 943
prc 7 7 3 400 15 1 1 0 1 7 1 703
prc 8 1 3 400 15 1 1 0 1 1 1 779
prc 6 1 9 50 15 1 1 0 1 1 1 864
block1 16 1 7 50 15 1 1 0 1 1 1 697
block1 20 1 3 400 15 1 1 0 1 1 1 607
block1 19 7 3 400 15 1 1 0 1 7 1 565
block1 24 1 9 400 15 1 1 0 1 1 1 714
block1 18 1 9 50 15 1 1 0 1 1 1 938
block1 15 7 7 50 15 1 1 0 1 7 1 654
block1 14 1 3 50 15 1 1 0 1 1 1 539
block1 17 7 9 50 15 1 1 0 1 7 1 663
block1 13 7 3 50 15 1 1 0 1 7 1 649
block1 23 7 9 400 15 1 1 0 1 7 1 749
block1 21 7 7 400 15 1 1 0 1 7 1 354
block1 22 1 7 400 15 1 1 0 1 1 1 680
block1 34 1 7 400 15 1 1 0 1 1 1 972
block1 27 7 7 50 15 1 1 0 1 7 1 650
block1 26 1 3 50 15 1 1 0 1 1 1 664
block1 30 1 9 50 15 1 1 0 1 1 1 896
block1 28 1 7 50 15 1 1 0 1 1 1 714
block1 35 7 9 400 15 1 1 0 1 1 2 889
block1 32 1 3 400 15 1 1 0 1 1 1 551
block1 36 1 9 400 15 1 1 0 1 1 1 683
block1 31 7 3 400 15 1 1 0 1 7 1 462
block1 33 7 7 400 15 1 1 0 1 7 1 660
block1 29 7 9 50 15 1 1 0 1 7 1 536
block1 25 7 3 50 15 1 1 0 1 7 1 667
block1 45 7 7 400 15 1 1 0 1 7 1 686
block1 40 1 7 50 15 1 1 0 1 1 1 641
block1 46 1 7 400 15 1 1 0 1 7 2 560
block1 42 1 9 50 15 1 1 0 1 1 1 608
block1 39 7 7 50 15 1 1 0 1 7 1 1326
block1 44 1 3 400 15 1 1 0 1 1 1 611
block1 38 1 3 50 15 1 1 0 1 1 1 804
block1 41 7 9 50 15 1 1 0 1 7 1 929
block1 37 7 3 50 15 1 1 0 1 7 1 1127
block1 48 1 9 400 15 1 1 0 1 1 1 823
block1 47 7 9 400 15 1 1 0 1 7 1 899
block1 43 7 3 400 15 1 1 0 1 7 1 559
block1 55 7 3 400 15 1 1 0 1 7 1 587
block1 60 1 9 400 15 1 1 0 1 1 1 714
block1 56 1 3 400 15 1 1 0 1 1 1 710
block1 58 1 7 400 15 1 1 0 1 1 1 799
block1 49 7 3 50 15 1 1 0 1 7 1 674
block1 51 7 7 50 15 1 1 0 1 7 1 680
block1 50 1 3 50 15 1 1 0 1 1 1 644
block1 59 7 9 400 15 1 1 0 1 7 1 849
block1 52 1 7 50 15 1 1 0 1 1 1 689
block1 53 7 9 50 15 1 1 0 1 7 1 787
block1 57 7 7 400 15 1 1 0 1 7 1 579
block1 54 1 9 50 15 1 1 0 1 1 1 678
block1 66 1 9 50 15 1 1 0 1 1 1 495
block1 67 7 3 400 15 1 1 0 1 7 1 561
block1 64 1 7 50 15 1 1 0 1 1 1 768
block1 72 1 9 400 15 1 1 0 1 7 2 495
block1 61 7 3 50 15 1 1 0 1 7 1 1254
block1 69 7 7 400 15 1 1 0 1 7 1 813
block1 65 7 9 50 15 1 1 0 1 7 1 717
block1 70 1 7 400 15 1 1 0 1 1 1 941
block1 63 7 7 50 15 1 1 0 1 7 1 665
block1 62 1 3 50 15 1 1 0 1 1 1 560
block1 68 1 3 400 15 1 1 0 1 1 1 600
block1 71 7 9 400 15 1 1 0 1 1 2 1017
block1 79 7 3 400 15 1 1 0 1 7 1 1044
block1 83 7 9 400 15 1 1 0 1 7 1 738
block1 77 7 9 50 15 1 1 0 1 7 1 1070
block1 74 1 3 50 15 1 1 0 1 1 1 656
block1 73 7 3 50 15 1 1 0 1 7 1 569
block1 75 7 7 50 15 1 1 0 1 7 1 717
block1 81 7 7 400 15 1 1 0 1 7 1 609
block1 80 1 3 400 15 1 1 0 1 1 1 943
block1 84 1 9 400 15 1 1 0 1 7 2 858
block1 76 1 7 50 15 1 1 0 1 1 1 666
block1 82 1 7 400 15 1 1 0 1 1 1 722
block1 78 1 9 50 15 1 1 0 1 1 1 773
block1 91 7 3 400 15 1 1 0 1 7 1 809
block1 90 1 9 50 15 1 1 0 1 1 1 1017
block1 85 7 3 50 15 1 1 0 1 7 1 564
block1 86 1 3 50 15 1 1 0 1 1 1 568
block1 89 7 9 50 15 1 1 0 1 1 2 647
block1 87 7 7 50 15 1 1 0 1 7 1 657
block1 88 1 7 50 15 1 1 0 1 1 1 1065
block1 94 1 7 400 15 1 1 0 1 1 1 687
block1 96 1 9 400 15 1 1 0 1 1 1 1313
block1 92 1 3 400 15 1 1 0 1 1 1 587
block1 95 7 9 400 15 1 1 0 1 7 1 1113
block1 93 7 7 400 15 1 1 0 1 7 1 1124
block1 105 7 7 400 15 1 1 0 1 7 1 877
block1 101 7 9 50 15 1 1 0 1 7 1 1541
block1 103 7 3 400 15 1 1 0 1 7 1 860
block1 104 1 3 400 15 1 1 0 1 1 1 709
block1 100 1 7 50 15 1 1 0 1 1 1 608
block1 99 7 7 50 15 1 1 0 1 7 1 928
block1 106 1 7 400 15 1 1 0 1 1 1 1076
block1 108 1 9 400 15 1 1 0 1 1 1 927
block1 97 7 3 50 15 1 1 0 1 7 1 702
block1 98 1 3 50 15 1 1 0 1 1 1 516
block1 102 1 9 50 15 1 1 0 1 1 1 1486
block1 107 7 9 400 15 1 1 0 1 7 1 489
block1 117 7 7 400 15 1 1 0 1 1 2 707
block1 113 7 9 50 15 1 1 0 1 7 1 887
block1 110 1 3 50 15 1 1 0 1 1 1 555
block1 112 1 7 50 15 1 1 0 1 1 1 1579
block1 114 1 9 50 15 1 1 0 1 1 1 1230
block1 118 1 7 400 15 1 1 0 1 1 1 658
block1 119 7 9 400 15 1 1 0 1 1 2 1586
block1 115 7 3 400 15 1 1 0 1 7 1 1225
block1 120 1 9 400 15 1 1 0 1 1 1 1177
block1 116 1 3 400 15 1 1 0 1 1 1 926
block1 111 7 7 50 15 1 1 0 1 1 2 1778
block1 109 7 3 50 15 1 1 0 1 7 1 596
block1 122 1 3 50 15 1 1 0 1 1 1 690
block1 129 7 7 400 15 1 1 0 1 7 1 1763
block1 126 1 9 50 15 1 1 0 1 1 1 899
block1 132 1 9 400 15 1 1 0 1 1 1 749
block1 127 7 3 400 15 1 1 0 1 7 1 913
block1 123 7 7 50 15 1 1 0 1 7 1 1232
block1 125 7 9 50 15 1 1 0 1 7 1 1416
block1 128 1 3 400 15 1 1 0 1 1 1 843
block1 131 7 9 400 15 1 1 0 1 7 1 1001
block1 130 1 7 400 15 1 1 0 1 1 1 971
block1 121 7 3 50 15 1 1 0 1 7 1 807
block1 124 1 7 50 15 1 1 0 1 1 1 712
block2 144 1 9 400 15 1 1 0 1 1 1 1912
block2 141 7 7 400 15 1 1 0 1 7 1 960
block2 134 1 3 50 15 1 1 0 1 1 1 517
block2 137 7 9 50 15 1 1 0 1 7 1 1944
block2 136 1 7 50 15 1 1 0 1 1 1 1340
block2 133 7 3 50 15 1 1 0 1 7 1 534
block2 143 7 9 400 15 1 1 0 1 7 1 2897
block2 142 1 7 400 15 1 1 0 1 1 1 802
block2 140 1 3 400 15 1 1 0 1 1 1 604
block2 138 1 9 50 15 1 1 0 1 1 1 1025
block2 135 7 7 50 15 1 1 0 1 7 1 1219
block2 139 7 3 400 15 1 1 0 1 7 1 666
block2 152 1 3 400 15 1 1 0 1 1 1 1243
block2 153 7 7 400 15 1 1 0 1 7 1 683
block2 155 7 9 400 15 1 1 0 1 7 1 696
block2 151 7 3 400 15 1 1 0 1 7 1 538
block2 147 7 7 50 15 1 1 0 1 1 2 1017
block2 156 1 9 400 15 1 1 0 1 1 1 1529
block2 150 1 9 50 15 1 1 0 1 1 1 1115
block2 146 1 3 50 15 1 1 0 1 1 1 886
block2 145 7 3 50 15 1 1 0 1 7 1 503
block2 154 1 7 400 15 1 1 0 1 1 1 750
block2 149 7 9 50 15 1 1 0 1 7 1 1240
block2 148 1 7 50 15 1 1 0 1 1 1 688
block2 157 7 3 50 15 1 1 0 1 7 1 573
block2 167 7 9 400 15 1 1 0 1 7 1 824
block2 159 7 7 50 15 1 1 0 1 7 1 1006
block2 163 7 3 400 15 1 1 0 1 7 1 703
block2 166 1 7 400 15 1 1 0 1 1 1 1309
block2 168 1 9 400 15 1 1 0 1 1 1 932
block2 164 1 3 400 15 1 1 0 1 7 2 682
block2 160 1 7 50 15 1 1 0 1 1 1 692
block2 162 1 9 50 15 1 1 0 1 1 1 1243
block2 161 7 9 50 15 1 1 0 1 7 1 1535
block2 165 7 7 400 15 1 1 0 1 7 1 977
block2 158 1 3 50 15 1 1 0 1 1 1 710
block2 169 7 3 50 15 1 1 0 1 7 1 775
block2 173 7 9 50 15 1 1 0 1 7 1 905
block2 179 7 9 400 15 1 1 0 1 7 1 790
block2 180 1 9 400 15 1 1 0 1 1 1 827
block2 176 1 3 400 15 1 1 0 1 1 1 582
block2 170 1 3 50 15 1 1 0 1 1 1 529
block2 177 7 7 400 15 1 1 0 1 7 1 710
block2 172 1 7 50 15 1 1 0 1 1 1 498
block2 174 1 9 50 15 1 1 0 1 1 1 927
block2 175 7 3 400 15 1 1 0 1 7 1 978
block2 178 1 7 400 15 1 1 0 1 1 1 638
block2 171 7 7 50 15 1 1 0 1 7 1 784
block2 187 7 3 400 15 1 1 0 1 7 1 581
block2 192 1 9 400 15 1 1 0 1 1 1 781
block2 186 1 9 50 15 1 1 0 1 1 1 858
block2 184 1 7 50 15 1 1 0 1 1 1 848
block2 185 7 9 50 15 1 1 0 1 7 1 835
block2 190 1 7 400 15 1 1 0 1 1 1 799
block2 188 1 3 400 15 1 1 0 1 1 1 702
block2 183 7 7 50 15 1 1 0 1 7 1 815
block2 191 7 9 400 15 1 1 0 1 7 1 1130
block2 181 7 3 50 15 1 1 0 1 7 1 562
block2 189 7 7 400 15 1 1 0 1 7 1 618
block2 182 1 3 50 15 1 1 0 1 1 1 572
block2 204 1 9 400 15 1 1 0 1 7 2 877
block2 193 7 3 50 15 1 1 0 1 7 1 770
block2 203 7 9 400 15 1 1 0 1 7 1 799
block2 201 7 7 400 15 1 1 0 1 7 1 1271
block2 199 7 3 400 15 1 1 0 1 7 1 1261
block2 200 1 3 400 15 1 1 0 1 1 1 614
block2 194 1 3 50 15 1 1 0 1 1 1 574
block2 202 1 7 400 15 1 1 0 1 1 1 421
block2 197 7 9 50 15 1 1 0 1 7 1 635
block2 196 1 7 50 15 1 1 0 1 1 1 582
block2 198 1 9 50 15 1 1 0 1 1 1 988
block2 195 7 7 50 15 1 1 0 1 7 1 881
block2 211 7 3 400 15 1 1 0 1 1 2 688
block2 216 1 9 400 15 1 1 0 1 1 1 1011
block2 215 7 9 400 15 1 1 0 1 7 1 817
block2 207 7 7 50 15 1 1 0 1 7 1 1340
block2 212 1 3 400 15 1 1 0 1 1 1 587
block2 208 1 7 50 15 1 1 0 1 1 1 791
block2 209 7 9 50 15 1 1 0 1 7 1 731
block2 210 1 9 50 15 1 1 0 1 1 1 1035
block2 214 1 7 400 15 1 1 0 1 1 1 1027
block2 205 7 3 50 15 1 1 0 1 7 1 791
block2 213 7 7 400 15 1 1 0 1 1 2 1385
block2 206 1 3 50 15 1 1 0 1 1 1 639
block2 222 1 9 50 15 1 1 0 1 1 1 828
block2 228 1 9 400 15 1 1 0 1 1 1 721
block2 223 7 3 400 15 1 1 0 1 7 1 531
block2 217 7 3 50 15 1 1 0 1 7 1 537
block2 224 1 3 400 15 1 1 0 1 1 1 680
block2 219 7 7 50 15 1 1 0 1 7 1 633
block2 218 1 3 50 15 1 1 0 1 1 1 563
block2 225 7 7 400 15 1 1 0 1 7 1 604
block2 221 7 9 50 15 1 1 0 1 7 1 774
block2 227 7 9 400 15 1 1 0 1 7 1 889
block2 226 1 7 400 15 1 1 0 1 1 1 689
block2 220 1 7 50 15 1 1 0 1 1 1 630
block2 229 7 3 50 15 1 1 0 1 7 1 799
block2 230 1 3 50 15 1 1 0 1 1 1 589
block2 240 1 9 400 15 1 1 0 1 1 1 832
block2 236 1 3 400 15 1 1 0 1 1 1 702
block2 232 1 7 50 15 1 1 0 1 1 1 765
block2 233 7 9 50 15 1 1 0 1 7 1 1249
block2 234 1 9 50 15 1 1 0 1 1 1 1274
block2 239 7 9 400 15 1 1 0 1 7 1 561
block2 237 7 7 400 15 1 1 0 1 7 1 1199
block2 235 7 3 400 15 1 1 0 1 7 1 1045
block2 238 1 7 400 15 1 1 0 1 1 1 1031
block2 231 7 7 50 15 1 1 0 1 7 1 1132
block2 246 1 9 50 15 1 1 0 1 1 1 1161
block2 251 7 9 400 15 1 1 0 1 7 1 630
block2 249 7 7 400 15 1 1 0 1 7 1 728
block2 242 1 3 50 15 1 1 0 1 1 1 601
block2 247 7 3 400 15 1 1 0 1 7 1 544
block2 244 1 7 50 15 1 1 0 1 1 1 1445
block2 252 1 9 400 15 1 1 0 1 7 2 655
block2 248 1 3 400 15 1 1 0 1 1 1 777
block2 250 1 7 400 15 1 1 0 1 1 1 558
block2 241 7 3 50 15 1 1 0 1 7 1 639
block2 245 7 9 50 15 1 1 0 1 7 1 1042
block2 243 7 7 50 15 1 1 0 1 7 1 907
block3 255 7 7 50 15 1 1 0 1 7 1 639
block3 264 1 9 400 15 1 1 0 1 1 1 727
block3 259 7 3 400 15 1 1 0 1 7 1 418
block3 258 1 9 50 15 1 1 0 1 1 1 479
block3 262 1 7 400 15 1 1 0 1 1 1 584
block3 256 1 7 50 15 1 1 0 1 1 1 1102
block3 254 1 3 50 15 1 1 0 1 1 1 537
block3 261 7 7 400 15 1 1 0 1 7 1 728
block3 257 7 9 50 15 1 1 0 1 1 2 520
block3 253 7 3 50 15 1 1 0 1 7 1 525
block3 263 7 9 400 15 1 1 0 1 7 1 565
block3 260 1 3 400 15 1 1 0 1 1 1 511
block3 274 1 7 400 15 1 1 0 1 1 1 513
block3 276 1 9 400 15 1 1 0 1 1 1 980
block3 273 7 7 400 15 1 1 0 1 7 1 574
block3 269 7 9 50 15 1 1 0 1 7 1 968
block3 271 7 3 400 15 1 1 0 1 7 1 656
block3 268 1 7 50 15 1 1 0 1 1 1 799
block3 272 1 3 400 15 1 1 0 1 1 1 569
block3 265 7 3 50 15 1 1 0 1 7 1 516
block3 267 7 7 50 15 1 1 0 1 7 1 637
block3 275 7 9 400 15 1 1 0 1 7 1 896
block3 266 1 3 50 15 1 1 0 1 1 1 606
block3 270 1 9 50 15 1 1 0 1 1 1 648
block3 288 1 9 400 15 1 1 0 1 1 1 845
block3 282 1 9 50 15 1 1 0 1 1 1 906
block3 284 1 3 400 15 1 1 0 1 7 2 588
block3 285 7 7 400 15 1 1 0 1 7 1 1239
block3 281 7 9 50 15 1 1 0 1 7 1 871
block3 287 7 9 400 15 1 1 0 1 7 1 1042
block3 279 7 7 50 15 1 1 0 1 7 1 665
block3 277 7 3 50 15 1 1 0 1 7 1 475
block3 286 1 7 400 15 1 1 0 1 1 1 918
block3 283 7 3 400 15 1 1 0 1 7 1 638
block3 278 1 3 50 15 1 1 0 1 1 1 557
block3 280 1 7 50 15 1 1 0 1 7 2 822
block3 300 1 9 400 15 1 1 0 1 1 1 992
block3 294 1 9 50 15 1 1 0 1 1 1 644
block3 299 7 9 400 15 1 1 0 1 7 1 645
block3 292 1 7 50 15 1 1 0 1 1 1 433
block3 289 7 3 50 15 1 1 0 1 7 1 491
block3 290 1 3 50 15 1 1 0 1 1 1 431
block3 293 7 9 50 15 1 1 0 1 7 1 785
block3 295 7 3 400 15 1 1 0 1 7 1 612
block3 291 7 7 50 15 1 1 0 1 7 1 713
block3 297 7 7 400 15 1 1 0 1 7 1 893
block3 296 1 3 400 15 1 1 0 1 1 1 712
block3 298 1 7 400 15 1 1 0 1 1 1 792
block3 307 7 3 400 15 1 1 0 1 7 1 714
block3 304 1 7 50 15 1 1 0 1 1 1 885
block3 303 7 7 50 15 1 1 0 1 7 1 1579
block3 308 1 3 400 15 1 1 0 1 1 1 784
block3 312 1 9 400 15 1 1 0 1 7 2 1948
block3 311 7 9 400 15 1 1 0 1 7 1 1029
block3 302 1 3 50 15 1 1 0 1 1 1 926
block3 310 1 7 400 15 1 1 0 1 1 1 951
block3 306 1 9 50 15 1 1 0 1 1 1 1147
block3 309 7 7 400 15 1 1 0 1 7 1 843
block3 305 7 9 50 15 1 1 0 1 7 1 1620
block3 301 7 3 50 15 1 1 0 1 7 1 591
block3 318 1 9 50 15 1 1 0 1 1 1 960
block3 317 7 9 50 15 1 1 0 1 7 1 828
block3 315 7 7 50 15 1 1 0 1 7 1 703
block3 313 7 3 50 15 1 1 0 1 7 1 795
block3 314 1 3 50 15 1 1 0 1 1 1 660
block3 316 1 7 50 15 1 1 0 1 1 1 1181
block3 321 7 7 400 15 1 1 0 1 7 1 586
block3 320 1 3 400 15 1 1 0 1 1 1 1024
block3 323 7 9 400 15 1 1 0 1 7 1 1119
block3 322 1 7 400 15 1 1 0 1 1 1 802
block3 319 7 3 400 15 1 1 0 1 7 1 577
block3 324 1 9 400 15 1 1 0 1 1 1 743
block3 329 7 9 50 15 1 1 0 1 7 1 982
block3 333 7 7 400 15 1 1 0 1 7 1 799
block3 335 7 9 400 15 1 1 0 1 7 1 1060
block3 327 7 7 50 15 1 1 0 1 7 1 602
block3 334 1 7 400 15 1 1 0 1 1 1 1178
block3 328 1 7 50 15 1 1 0 1 1 1 814
block3 331 7 3 400 15 1 1 0 1 7 1 1300
block3 336 1 9 400 15 1 1 0 1 1 1 944
block3 326 1 3 50 15 1 1 0 1 1 1 807
block3 325 7 3 50 15 1 1 0 1 7 1 654
block3 330 1 9 50 15 1 1 0 1 1 1 1165
block3 332 1 3 400 15 1 1 0 1 1 1 937
block3 344 1 3 400 15 1 1 0 1 1 1 464
block3 341 7 9 50 15 1 1 0 1 7 1 864
block3 338 1 3 50 15 1 1 0 1 1 1 473
block3 347 7 9 400 15 1 1 0 1 7 1 999
block3 337 7 3 50 15 1 1 0 1 7 1 590
block3 342 1 9 50 15 1 1 0 1 1 1 1075
block3 345 7 7 400 15 1 1 0 1 7 1 967
block3 339 7 7 50 15 1 1 0 1 7 1 577
block3 346 1 7 400 15 1 1 0 1 1 1 648
block3 343 7 3 400 15 1 1 0 1 7 1 533
block3 340 1 7 50 15 1 1 0 1 1 1 743
block3 348 1 9 400 15 1 1 0 1 1 1 1884
block3 352 1 7 50 15 1 1 0 1 1 1 566
block3 354 1 9 50 15 1 1 0 1 1 1 827
block3 349 7 3 50 15 1 1 0 1 7 1 590
block3 356 1 3 400 15 1 1 0 1 1 1 811
block3 360 1 9 400 15 1 1 0 1 1 1 2038
block3 350 1 3 50 15 1 1 0 1 1 1 875
block3 353 7 9 50 15 1 1 0 1 1 2 1313
block3 355 7 3 400 15 1 1 0 1 7 1 509
block3 359 7 9 400 15 1 1 0 1 7 1 1022
block3 351 7 7 50 15 1 1 0 1 7 1 810
block3 358 1 7 400 15 1 1 0 1 1 1 761
block3 357 7 7 400 15 1 1 0 1 7 1 1010
block3 366 1 9 50 15 1 1 0 1 1 1 881
block3 365 7 9 50 15 1 1 0 1 7 1 1604
block3 363 7 7 50 15 1 1 0 1 7 1 676
block3 372 1 9 400 15 1 1 0 1 1 1 987
block3 367 7 3 400 15 1 1 0 1 7 1 473
block3 364 1 7 50 15 1 1 0 1 1 1 702
block3 362 1 3 50 15 1 1 0 1 1 1 761
block3 370 1 7 400 15 1 1 0 1 1 1 621
block3 368 1 3 400 15 1 1 0 1 1 1 555
block3 361 7 3 50 15 1 1 0 1 7 1 552
block3 371 7 9 400 15 1 1 0 1 7 1 609
block3 369 7 7 400 15 1 1 0 1 1 2 1015
block4 382 1 7 400 15 1 1 0 1 1 1 1107
block4 384 1 9 400 15 1 1 0 1 1 1 601
block4 380 1 3 400 15 1 1 0 1 1 1 447
block4 377 7 9 50 15 1 1 0 1 7 1 665
block4 381 7 7 400 15 1 1 0 1 7 1 730
block4 379 7 3 400 15 1 1 0 1 7 1 778
block4 383 7 9 400 15 1 1 0 1 7 1 594
block4 375 7 7 50 15 1 1 0 1 7 1 743
block4 378 1 9 50 15 1 1 0 1 1 1 913
block4 374 1 3 50 15 1 1 0 1 1 1 739
block4 376 1 7 50 15 1 1 0 1 1 1 803
block4 373 7 3 50 15 1 1 0 1 1 2 685
block4 387 7 7 50 15 1 1 0 1 7 1 967
block4 394 1 7 400 15 1 1 0 1 1 1 754
block4 395 7 9 400 15 1 1 0 1 7 1 737
block4 393 7 7 400 15 1 1 0 1 7 1 669
block4 385 7 3 50 15 1 1 0 1 7 1 562
block4 396 1 9 400 15 1 1 0 1 1 1 641
block4 386 1 3 50 15 1 1 0 1 1 1 695
block4 388 1 7 50 15 1 1 0 1 1 1 1248
block4 390 1 9 50 15 1 1 0 1 7 2 1393
block4 391 7 3 400 15 1 1 0 1 7 1 608
block4 389 7 9 50 15 1 1 0 1 7 1 1026
block4 392 1 3 400 15 1 1 0 1 1 1 672
block4 408 1 9 400 15 1 1 0 1 1 1 801
block4 406 1 7 400 15 1 1 0 1 1 1 755
block4 400 1 7 50 15 1 1 0 1 1 1 797
block4 399 7 7 50 15 1 1 0 1 7 1 1357
block4 402 1 9 50 15 1 1 0 1 1 1 770
block4 398 1 3 50 15 1 1 0 1 7 2 1101
block4 403 7 3 400 15 1 1 0 1 7 1 1112
block4 397 7 3 50 15 1 1 0 1 7 1 1048
block4 405 7 7 400 15 1 1 0 1 7 1 1144
block4 404 1 3 400 15 1 1 0 1 1 1 1051
block4 401 7 9 50 15 1 1 0 1 7 1 895
block4 407 7 9 400 15 1 1 0 1 7 1 1734
block4 420 1 9 400 15 1 1 0 1 1 1 1041
block4 414 1 9 50 15 1 1 0 1 1 1 1105
block4 413 7 9 50 15 1 1 0 1 7 1 1251
block4 410 1 3 50 15 1 1 0 1 1 1 650
block4 418 1 7 400 15 1 1 0 1 1 1 1145
block4 417 7 7 400 15 1 1 0 1 7 1 546
block4 412 1 7 50 15 1 1 0 1 1 1 1139
block4 419 7 9 400 15 1 1 0 1 7 1 759
block4 416 1 3 400 15 1 1 0 1 1 1 647
block4 411 7 7 50 15 1 1 0 1 7 1 851
block4 415 7 3 400 15 1 1 0 1 1 2 639
block4 409 7 3 50 15 1 1 0 1 7 1 580
block4 424 1 7 50 15 1 1 0 1 1 1 949
block4 428 1 3 400 15 1 1 0 1 1 1 693
block4 423 7 7 50 15 1 1 0 1 1 2 1256
block4 427 7 3 400 15 1 1 0 1 7 1 763
block4 431 7 9 400 15 1 1 0 1 7 1 669
block4 421 7 3 50 15 1 1 0 1 7 1 547
block4 430 1 7 400 15 1 1 0 1 7 2 1105
block4 432 1 9 400 15 1 1 0 1 1 1 1214
block4 422 1 3 50 15 1 1 0 1 1 1 726
block4 429 7 7 400 15 1 1 0 1 1 2 591
block4 425 7 9 50 15 1 1 0 1 7 1 1104
block4 426 1 9 50 15 1 1 0 1 1 1 870
block4 441 7 7 400 15 1 1 0 1 7 1 770
block4 435 7 7 50 15 1 1 0 1 7 1 724
block4 440 1 3 400 15 1 1 0 1 1 1 543
block4 444 1 9 400 15 1 1 0 1 1 1 935
block4 443 7 9 400 15 1 1 0 1 7 1 620
block4 438 1 9 50 15 1 1 0 1 1 1 596
block4 436 1 7 50 15 1 1 0 1 1 1 777
block4 439 7 3 400 15 1 1 0 1 1 2 851
block4 437 7 9 50 15 1 1 0 1 7 1 841
block4 442 1 7 400 15 1 1 0 1 1 1 956
block4 433 7 3 50 15 1 1 0 1 7 1 766
block4 434 1 3 50 15 1 1 0 1 1 1 680
block4 449 7 9 50 15 1 1 0 1 7 1 1052
block4 454 1 7 400 15 1 1 0 1 1 1 841
block4 452 1 3 400 15 1 1 0 1 1 1 1312
block4 446 1 3 50 15 1 1 0 1 1 1 1408
block4 447 7 7 50 15 1 1 0 1 7 1 1072
block4 450 1 9 50 15 1 1 0 1 1 1 1015
block4 453 7 7 400 15 1 1 0 1 7 1 1062
block4 448 1 7 50 15 1 1 0 1 1 1 1188
block4 451 7 3 400 15 1 1 0 1 7 1 698
block4 445 7 3 50 15 1 1 0 1 7 1 636
block4 456 1 9 400 15 1 1 0 1 1 1 631
block4 455 7 9 400 15 1 1 0 1 7 1 875
block4 465 7 7 400 15 1 1 0 1 7 1 991
block4 461 7 9 50 15 1 1 0 1 7 1 1520
block4 466 1 7 400 15 1 1 0 1 1 1 689
block4 464 1 3 400 15 1 1 0 1 1 1 651
block4 459 7 7 50 15 1 1 0 1 1 2 706
block4 467 7 9 400 15 1 1 0 1 7 1 1153
block4 457 7 3 50 15 1 1 0 1 7 1 659
block4 458 1 3 50 15 1 1 0 1 1 1 614
block4 460 1 7 50 15 1 1 0 1 1 1 963
block4 462 1 9 50 15 1 1 0 1 1 1 717
block4 463 7 3 400 15 1 1 0 1 7 1 630
block4 468 1 9 400 15 1 1 0 1 1 1 978
block4 478 1 7 400 15 1 1 0 1 1 1 755
block4 479 7 9 400 15 1 1 0 1 7 1 1302
block4 474 1 9 50 15 1 1 0 1 1 1 1032
block4 470 1 3 50 15 1 1 0 1 1 1 540
block4 476 1 3 400 15 1 1 0 1 1 1 676
block4 471 7 7 50 15 1 1 0 1 7 1 622
block4 480 1 9 400 15 1 1 0 1 1 1 844
block4 473 7 9 50 15 1 1 0 1 7 1 955
block4 477 7 7 400 15 1 1 0 1 7 1 971
block4 475 7 3 400 15 1 1 0 1 7 1 641
block4 469 7 3 50 15 1 1 0 1 1 2 1042
block4 472 1 7 50 15 1 1 0 1 1 1 1277
block4 488 1 3 400 15 1 1 0 1 1 1 569
block4 481 7 3 50 15 1 1 0 1 7 1 793
block4 484 1 7 50 15 1 1 0 1 1 1 1154
block4 485 7 9 50 15 1 1 0 1 7 1 2170
block4 483 7 7 50 15 1 1 0 1 7 1 621
block4 491 7 9 400 15 1 1 0 1 7 1 592
block4 487 7 3 400 15 1 1 0 1 7 1 683
block4 489 7 7 400 15 1 1 0 1 7 1 1083
block4 490 1 7 400 15 1 1 0 1 1 1 728
block4 482 1 3 50 15 1 1 0 1 1 1 822
block4 486 1 9 50 15 1 1 0 1 7 2 1019
block4 492 1 9 400 15 1 1 0 1 1 1 1093
block5 503 7 9 400 15 1 1 0 1 7 1 584
block5 501 7 7 400 15 1 1 0 1 7 1 558
block5 498 1 9 50 15 1 1 0 1 1 1 963
block5 502 1 7 400 15 1 1 0 1 1 1 762
block5 497 7 9 50 15 1 1 0 1 7 1 566
block5 493 7 3 50 15 1 1 0 1 7 1 498
block5 499 7 3 400 15 1 1 0 1 7 1 438
block5 504 1 9 400 15 1 1 0 1 1 1 602
block5 495 7 7 50 15 1 1 0 1 1 2 1001
block5 494 1 3 50 15 1 1 0 1 1 1 563
block5 496 1 7 50 15 1 1 0 1 1 1 738
block5 500 1 3 400 15 1 1 0 1 1 1 573
block5 507 7 7 50 15 1 1 0 1 7 1 581
block5 506 1 3 50 15 1 1 0 1 1 1 795
block5 508 1 7 50 15 1 1 0 1 1 1 1231
block5 510 1 9 50 15 1 1 0 1 1 1 628
block5 515 7 9 400 15 1 1 0 1 7 1 705
block5 514 1 7 400 15 1 1 0 1 1 1 589
block5 516 1 9 400 15 1 1 0 1 7 2 747
block5 509 7 9 50 15 1 1 0 1 7 1 1678
block5 511 7 3 400 15 1 1 0 1 7 1 1229
block5 505 7 3 50 15 1 1 0 1 7 1 1204
block5 512 1 3 400 15 1 1 0 1 1 1 572
block5 513 7 7 400 15 1 1 0 1 7 1 753
block5 521 7 9 50 15 1 1 0 1 7 1 1323
block5 518 1 3 50 15 1 1 0 1 1 1 686
block5 522 1 9 50 15 1 1 0 1 1 1 847
block5 526 1 7 400 15 1 1 0 1 7 2 901
block5 528 1 9 400 15 1 1 0 1 1 1 1506
block5 524 1 3 400 15 1 1 0 1 1 1 611
block5 517 7 3 50 15 1 1 0 1 7 1 508
block5 527 7 9 400 15 1 1 0 1 7 1 666
block5 525 7 7 400 15 1 1 0 1 7 1 505
block5 519 7 7 50 15 1 1 0 1 7 1 462
block5 523 7 3 400 15 1 1 0 1 7 1 557
block5 520 1 7 50 15 1 1 0 1 1 1 677
block5 534 1 9 50 15 1 1 0 1 7 2 1163
block5 531 7 7 50 15 1 1 0 1 7 1 627
block5 537 7 7 400 15 1 1 0 1 7 1 756
block5 533 7 9 50 15 1 1 0 1 7 1 1367
block5 538 1 7 400 15 1 1 0 1 1 1 717
block5 536 1 3 400 15 1 1 0 1 7 2 729
block5 532 1 7 50 15 1 1 0 1 1 1 519
block5 535 7 3 400 15 1 1 0 1 7 1 1053
block5 539 7 9 400 15 1 1 0 1 7 1 845
block5 530 1 3 50 15 1 1 0 1 1 1 637
block5 529 7 3 50 15 1 1 0 1 7 1 762
block5 540 1 9 400 15 1 1 0 1 1 1 841
block5 545 7 9 50 15 1 1 0 1 7 1 889
block5 552 1 9 400 15 1 1 0 1 1 1 1561
block5 541 7 3 50 15 1 1 0 1 7 1 1687
block5 550 1 7 400 15 1 1 0 1 1 1 754
block5 542 1 3 50 15 1 1 0 1 1 1 872
block5 549 7 7 400 15 1 1 0 1 7 1 875
block5 543 7 7 50 15 1 1 0 1 7 1 1012
block5 548 1 3 400 15 1 1 0 1 1 1 693
block5 551 7 9 400 15 1 1 0 1 7 1 1298
block5 544 1 7 50 15 1 1 0 1 1 1 1242
block5 546 1 9 50 15 1 1 0 1 1 1 927
block5 547 7 3 400 15 1 1 0 1 1 2 577
block5 562 1 7 400 15 1 1 0 1 1 1 709
block5 561 7 7 400 15 1 1 0 1 7 1 767
block5 563 7 9 400 15 1 1 0 1 7 1 940
block5 554 1 3 50 15 1 1 0 1 1 1 629
block5 558 1 9 50 15 1 1 0 1 1 1 767
block5 564 1 9 400 15 1 1 0 1 1 1 1152
block5 559 7 3 400 15 1 1 0 1 7 1 615
block5 557 7 9 50 15 1 1 0 1 7 1 1179
block5 556 1 7 50 15 1 1 0 1 1 1 665
block5 553 7 3 50 15 1 1 0 1 7 1 763
block5 560 1 3 400 15 1 1 0 1 1 1 697
block5 555 7 7 50 15 1 1 0 1 7 1 720
block5 567 7 7 50 15 1 1 0 1 7 1 1280
block5 565 7 3 50 15 1 1 0 1 7 1 607
block5 566 1 3 50 15 1 1 0 1 1 1 692
block5 569 7 9 50 15 1 1 0 1 7 1 1455
block5 573 7 7 400 15 1 1 0 1 7 1 1215
block5 576 1 9 400 15 1 1 0 1 1 1 703
block5 572 1 3 400 15 1 1 0 1 1 1 593
block5 574 1 7 400 15 1 1 0 1 7 2 918
block5 571 7 3 400 15 1 1 0 1 7 1 891
block5 568 1 7 50 15 1 1 0 1 1 1 2176
block5 570 1 9 50 15 1 1 0 1 1 1 628
block5 575 7 9 400 15 1 1 0 1 7 1 790
block5 578 1 3 50 15 1 1 0 1 1 1 562
block5 580 1 7 50 15 1 1 0 1 1 1 955
block5 586 1 7 400 15 1 1 0 1 1 1 653
block5 581 7 9 50 15 1 1 0 1 7 1 790
block5 583 7 3 400 15 1 1 0 1 7 1 614
block5 577 7 3 50 15 1 1 0 1 7 1 505
block5 587 7 9 400 15 1 1 0 1 7 1 712
block5 582 1 9 50 15 1 1 0 1 1 1 756
block5 579 7 7 50 15 1 1 0 1 7 1 523
block5 585 7 7 400 15 1 1 0 1 7 1 855
block5 588 1 9 400 15 1 1 0 1 1 1 1040
block5 584 1 3 400 15 1 1 0 1 1 1 571
block5 589 7 3 50 15 1 1 0 1 7 1 863
block5 600 1 9 400 15 1 1 0 1 1 1 930
block5 598 1 7 400 15 1 1 0 1 7 2 1031
block5 597 7 7 400 15 1 1 0 1 7 1 854
block5 593 7 9 50 15 1 1 0 1 7 1 641
block5 594 1 9 50 15 1 1 0 1 1 1 853
block5 595 7 3 400 15 1 1 0 1 7 1 539
block5 599 7 9 400 15 1 1 0 1 7 1 885
block5 596 1 3 400 15 1 1 0 1 1 1 468
block5 590 1 3 50 15 1 1 0 1 1 1 613
block5 592 1 7 50 15 1 1 0 1 1 1 693
block5 591 7 7 50 15 1 1 0 1 7 1 626
block5 602 1 3 50 15 1 1 0 1 1 1 579
block5 601 7 3 50 15 1 1 0 1 7 1 505
block5 611 7 9 400 15 1 1 0 1 7 1 906
block5 605 7 9 50 15 1 1 0 1 7 1 1374
block5 604 1 7 50 15 1 1 0 1 1 1 820
block5 608 1 3 400 15 1 1 0 1 1 1 610
block5 610 1 7 400 15 1 1 0 1 1 1 834
block5 612 1 9 400 15 1 1 0 1 1 1 1174
block5 607 7 3 400 15 1 1 0 1 7 1 726
block5 609 7 7 400 15 1 1 0 1 7 1 629
block5 603 7 7 50 15 1 1 0 1 1 2 1793
block5 606 1 9 50 15 1 1 0 1 1 1 840
block6 622 1 7 400 15 1 1 0 1 1 1 597
block6 616 1 7 50 15 1 1 0 1 1 1 541
block6 619 7 3 400 15 1 1 0 1 7 1 582
block6 613 7 3 50 15 1 1 0 1 7 1 799
block6 621 7 7 400 15 1 1 0 1 7 1 783
block6 624 1 9 400 15 1 1 0 1 1 1 469
block6 614 1 3 50 15 1 1 0 1 1 1 501
block6 615 7 7 50 15 1 1 0 1 7 1 647
block6 620 1 3 400 15 1 1 0 1 1 1 491
block6 617 7 9 50 15 1 1 0 1 7 1 603
block6 618 1 9 50 15 1 1 0 1 1 1 584
block6 623 7 9 400 15 1 1 0 1 7 1 520
block6 629 7 9 50 15 1 1 0 1 7 1 796
block6 627 7 7 50 15 1 1 0 1 7 1 614
block6 625 7 3 50 15 1 1 0 1 7 1 547
block6 626 1 3 50 15 1 1 0 1 1 1 494
block6 634 1 7 400 15 1 1 0 1 1 1 543
block6 628 1 7 50 15 1 1 0 1 1 1 789
block6 630 1 9 50 15 1 1 0 1 1 1 824
block6 632 1 3 400 15 1 1 0 1 1 1 529
block6 636 1 9 400 15 1 1 0 1 1 1 1122
block6 631 7 3 400 15 1 1 0 1 7 1 629
block6 633 7 7 400 15 1 1 0 1 7 1 841
block6 635 7 9 400 15 1 1 0 1 7 1 887
block6 641 7 9 50 15 1 1 0 1 7 1 1206
block6 647 7 9 400 15 1 1 0 1 7 1 706
block6 643 7 3 400 15 1 1 0 1 7 1 512
block6 644 1 3 400 15 1 1 0 1 1 1 619
block6 638 1 3 50 15 1 1 0 1 1 1 506
block6 648 1 9 400 15 1 1 0 1 1 1 707
block6 637 7 3 50 15 1 1 0 1 7 1 621
block6 640 1 7 50 15 1 1 0 1 1 1 661
block6 639 7 7 50 15 1 1 0 1 7 1 855
block6 642 1 9 50 15 1 1 0 1 1 1 1218
block6 646 1 7 400 15 1 1 0 1 1 1 585
block6 645 7 7 400 15 1 1 0 1 7 1 730
block6 655 7 3 400 15 1 1 0 1 7 1 617
block6 659 7 9 400 15 1 1 0 1 7 1 819
block6 658 1 7 400 15 1 1 0 1 1 1 713
block6 653 7 9 50 15 1 1 0 1 7 1 883
block6 660 1 9 400 15 1 1 0 1 1 1 875
block6 656 1 3 400 15 1 1 0 1 1 1 621
block6 657 7 7 400 15 1 1 0 1 7 1 927
block6 650 1 3 50 15 1 1 0 1 1 1 528
block6 649 7 3 50 15 1 1 0 1 7 1 582
block6 654 1 9 50 15 1 1 0 1 1 1 690
block6 652 1 7 50 15 1 1 0 1 1 1 631
block6 651 7 7 50 15 1 1 0 1 7 1 951
block6 668 1 3 400 15 1 1 0 1 1 1 492
block6 663 7 7 50 15 1 1 0 1 7 1 573
block6 669 7 7 400 15 1 1 0 1 7 1 917
block6 665 7 9 50 15 1 1 0 1 7 1 801
block6 667 7 3 400 15 1 1 0 1 7 1 517
block6 661 7 3 50 15 1 1 0 1 7 1 653
block6 666 1 9 50 15 1 1 0 1 1 1 669
block6 662 1 3 50 15 1 1 0 1 1 1 508
block6 671 7 9 400 15 1 1 0 1 7 1 677
block6 670 1 7 400 15 1 1 0 1 1 1 611
block6 664 1 7 50 15 1 1 0 1 1 1 1114
block6 672 1 9 400 15 1 1 0 1 1 1 1260
block6 674 1 3 50 15 1 1 0 1 1 1 603
block6 673 7 3 50 15 1 1 0 1 7 1 656
block6 678 1 9 50 15 1 1 0 1 1 1 650
block6 676 1 7 50 15 1 1 0 1 1 1 894
block6 680 1 3 400 15 1 1 0 1 1 1 615
block6 679 7 3 400 15 1 1 0 1 7 1 869
block6 682 1 7 400 15 1 1 0 1 1 1 725
block6 683 7 9 400 15 1 1 0 1 7 1 669
block6 675 7 7 50 15 1 1 0 1 7 1 633
block6 684 1 9 400 15 1 1 0 1 1 1 602
block6 681 7 7 400 15 1 1 0 1 7 1 587
block6 677 7 9 50 15 1 1 0 1 7 1 752
block6 685 7 3 50 15 1 1 0 1 7 1 1485
block6 695 7 9 400 15 1 1 0 1 7 1 681
block6 686 1 3 50 15 1 1 0 1 1 1 863
block6 696 1 9 400 15 1 1 0 1 1 1 1602
block6 694 1 7 400 15 1 1 0 1 1 1 813
block6 689 7 9 50 15 1 1 0 1 7 1 1364
block6 687 7 7 50 15 1 1 0 1 7 1 1688
block6 688 1 7 50 15 1 1 0 1 1 1 1276
block6 692 1 3 400 15 1 1 0 1 1 1 933
block6 690 1 9 50 15 1 1 0 1 7 2 1327
block6 693 7 7 400 15 1 1 0 1 7 1 952
block6 691 7 3 400 15 1 1 0 1 7 1 587
block6 707 7 9 400 15 1 1 0 1 7 1 1256
block6 703 7 3 400 15 1 1 0 1 7 1 552
block6 704 1 3 400 15 1 1 0 1 1 1 458
block6 706 1 7 400 15 1 1 0 1 1 1 723
block6 702 1 9 50 15 1 1 0 1 1 1 814
block6 708 1 9 400 15 1 1 0 1 1 1 598
block6 698 1 3 50 15 1 1 0 1 1 1 467
block6 705 7 7 400 15 1 1 0 1 7 1 571
block6 701 7 9 50 15 1 1 0 1 1 2 842
block6 699 7 7 50 15 1 1 0 1 7 1 657
block6 700 1 7 50 15 1 1 0 1 1 1 676
block6 697 7 3 50 15 1 1 0 1 7 1 539
block6 711 7 7 50 15 1 1 0 1 7 1 792
block6 709 7 3 50 15 1 1 0 1 7 1 617
block6 717 7 7 400 15 1 1 0 1 7 1 635
block6 710 1 3 50 15 1 1 0 1 1 1 612
block6 720 1 9 400 15 1 1 0 1 1 1 1117
block6 719 7 9 400 15 1 1 0 1 7 1 760
block6 714 1 9 50 15 1 1 0 1 1 1 1170
block6 713 7 9 50 15 1 1 0 1 7 1 1555
block6 712 1 7 50 15 1 1 0 1 1 1 717
block6 715 7 3 400 15 1 1 0 1 7 1 614
block6 716 1 3 400 15 1 1 0 1 1 1 560
block6 718 1 7 400 15 1 1 0 1 1 1 703
block6 722 1 3 50 15 1 1 0 1 1 1 642
block6 723 7 7 50 15 1 1 0 1 7 1 663
block6 726 1 9 50 15 1 1 0 1 1 1 858
block6 731 7 9 400 15 1 1 0 1 7 1 1077
block6 730 1 7 400 15 1 1 0 1 1 1 627
block6 725 7 9 50 15 1 1 0 1 7 1 902
block6 728 1 3 400 15 1 1 0 1 1 1 628
block6 721 7 3 50 15 1 1 0 1 7 1 776
block6 732 1 9 400 15 1 1 0 1 1 1 603
block6 727 7 3 400 15 1 1 0 1 7 1 578
block6 724 1 7 50 15 1 1 0 1 1 1 847
block6 729 7 7 400 15 1 1 0 1 7 1 594
block7 742 1 7 400 15 1 1 0 1 1 1 494
block7 735 7 7 50 15 1 1 0 1 7 1 617
block7 740 1 3 400 15 1 1 0 1 1 1 450
block7 739 7 3 400 15 1 1 0 1 7 1 439
block7 741 7 7 400 15 1 1 0 1 7 1 477
block7 736 1 7 50 15 1 1 0 1 1 1 633
block7 744 1 9 400 15 1 1 0 1 1 1 779
block7 734 1 3 50 15 1 1 0 1 1 1 466
block7 743 7 9 400 15 1 1 0 1 7 1 552
block7 738 1 9 50 15 1 1 0 1 1 1 1255
block7 737 7 9 50 15 1 1 0 1 7 1 691
block7 733 7 3 50 15 1 1 0 1 7 1 747
block7 756 1 9 400 15 1 1 0 1 1 1 766
block7 753 7 7 400 15 1 1 0 1 7 1 886
block7 755 7 9 400 15 1 1 0 1 7 1 744
block7 749 7 9 50 15 1 1 0 1 7 1 724
block7 745 7 3 50 15 1 1 0 1 7 1 808
block7 752 1 3 400 15 1 1 0 1 1 1 1296
block7 748 1 7 50 15 1 1 0 1 1 1 769
block7 750 1 9 50 15 1 1 0 1 1 1 1438
block7 751 7 3 400 15 1 1 0 1 7 1 645
block7 746 1 3 50 15 1 1 0 1 1 1 663
block7 754 1 7 400 15 1 1 0 1 7 2 933
block7 747 7 7 50 15 1 1 0 1 7 1 488
block7 765 7 7 400 15 1 1 0 1 7 1 617
block7 762 1 9 50 15 1 1 0 1 1 1 967
block7 763 7 3 400 15 1 1 0 1 7 1 883
block7 764 1 3 400 15 1 1 0 1 1 1 499
block7 760 1 7 50 15 1 1 0 1 1 1 581
block7 761 7 9 50 15 1 1 0 1 7 1 897
block7 757 7 3 50 15 1 1 0 1 7 1 676
block7 766 1 7 400 15 1 1 0 1 1 1 943
block7 767 7 9 400 15 1 1 0 1 7 1 499
block7 759 7 7 50 15 1 1 0 1 7 1 598
block7 768 1 9 400 15 1 1 0 1 1 1 907
block7 758 1 3 50 15 1 1 0 1 1 1 703
block7 778 1 7 400 15 1 1 0 1 1 1 593
block7 774 1 9 50 15 1 1 0 1 1 1 1059
block7 775 7 3 400 15 1 1 0 1 7 1 660
block7 771 7 7 50 15 1 1 0 1 7 1 918
block7 777 7 7 400 15 1 1 0 1 7 1 745
block7 773 7 9 50 15 1 1 0 1 7 1 806
block7 776 1 3 400 15 1 1 0 1 1 1 648
block7 779 7 9 400 15 1 1 0 1 7 1 890
block7 770 1 3 50 15 1 1 0 1 1 1 617
block7 772 1 7 50 15 1 1 0 1 1 1 933
block7 769 7 3 50 15 1 1 0 1 7 1 821
block7 780 1 9 400 15 1 1 0 1 1 1 611
block7 781 7 3 50 15 1 1 0 1 7 1 522
block7 792 1 9 400 15 1 1 0 1 7 2 1281
block7 790 1 7 400 15 1 1 0 1 1 1 925
block7 789 7 7 400 15 1 1 0 1 7 1 1054
block7 787 7 3 400 15 1 1 0 1 7 1 865
block7 786 1 9 50 15 1 1 0 1 1 1 1280
block7 788 1 3 400 15 1 1 0 1 1 1 594
block7 784 1 7 50 15 1 1 0 1 1 1 622
block7 783 7 7 50 15 1 1 0 1 7 1 1063
block7 791 7 9 400 15 1 1 0 1 1 2 797
block7 782 1 3 50 15 1 1 0 1 1 1 506
block7 785 7 9 50 15 1 1 0 1 7 1 629
block7 794 1 3 50 15 1 1 0 1 1 1 437
block7 797 7 9 50 15 1 1 0 1 7 1 569
block7 793 7 3 50 15 1 1 0 1 7 1 530
block7 801 7 7 400 15 1 1 0 1 7 1 555
block7 804 1 9 400 15 1 1 0 1 1 1 1044
block7 798 1 9 50 15 1 1 0 1 1 1 753
block7 802 1 7 400 15 1 1 0 1 1 1 1031
block7 799 7 3 400 15 1 1 0 1 1 2 833
block7 803 7 9 400 15 1 1 0 1 7 1 543
block7 795 7 7 50 15 1 1 0 1 7 1 1507
block7 796 1 7 50 15 1 1 0 1 1 1 952
block7 800 1 3 400 15 1 1 0 1 1 1 795
block7 805 7 3 50 15 1 1 0 1 7 1 593
block7 808 1 7 50 15 1 1 0 1 1 1 885
block7 813 7 7 400 15 1 1 0 1 7 1 792
block7 816 1 9 400 15 1 1 0 1 1 1 1080
block7 814 1 7 400 15 1 1 0 1 1 1 973
block7 811 7 3 400 15 1 1 0 1 7 1 504
block7 815 7 9 400 15 1 1 0 1 7 1 1221
block7 807 7 7 50 15 1 1 0 1 7 1 814
block7 812 1 3 400 15 1 1 0 1 1 1 569
block7 810 1 9 50 15 1 1 0 1 1 1 936
block7 809 7 9 50 15 1 1 0 1 1 2 862
block7 806 1 3 50 15 1 1 0 1 1 1 686
block7 821 7 9 50 15 1 1 0 1 7 1 944
block7 820 1 7 50 15 1 1 0 1 1 1 593
block7 826 1 7 400 15 1 1 0 1 1 1 612
block7 824 1 3 400 15 1 1 0 1 1 1 468
block7 827 7 9 400 15 1 1 0 1 1 2 726
block7 825 7 7 400 15 1 1 0 1 7 1 620
block7 818 1 3 50 15 1 1 0 1 1 1 1089
block7 828 1 9 400 15 1 1 0 1 1 1 862
block7 817 7 3 50 15 1 1 0 1 7 1 658
block7 822 1 9 50 15 1 1 0 1 1 1 1328
block7 819 7 7 50 15 1 1 0 1 7 1 594
block7 823 7 3 400 15 1 1 0 1 7 1 601
block7 834 1 9 50 15 1 1 0 1 1 1 1225
block7 837 7 7 400 15 1 1 0 1 7 1 1170
block7 840 1 9 400 15 1 1 0 1 1 1 1018
block7 836 1 3 400 15 1 1 0 1 1 1 642
block7 830 1 3 50 15 1 1 0 1 1 1 697
block7 835 7 3 400 15 1 1 0 1 7 1 556
block7 838 1 7 400 15 1 1 0 1 1 1 704
block7 839 7 9 400 15 1 1 0 1 7 1 683
block7 831 7 7 50 15 1 1 0 1 7 1 914
block7 832 1 7 50 15 1 1 0 1 1 1 683
block7 829 7 3 50 15 1 1 0 1 7 1 641
block7 833 7 9 50 15 1 1 0 1 7 1 759
block7 844 1 7 50 15 1 1 0 1 1 1 1479
block7 848 1 3 400 15 1 1 0 1 7 2 1028
block7 846 1 9 50 15 1 1 0 1 1 1 1905
block7 847 7 3 400 15 1 1 0 1 7 1 697
block7 852 1 9 400 15 1 1 0 1 1 1 983
block7 850 1 7 400 15 1 1 0 1 1 1 1127
block7 849 7 7 400 15 1 1 0 1 7 1 657
block7 842 1 3 50 15 1 1 0 1 1 1 660
block7 841 7 3 50 15 1 1 0 1 7 1 630
block7 845 7 9 50 15 1 1 0 1 7 1 964
block7 843 7 7 50 15 1 1 0 1 7 1 671
block7 851 7 9 400 15 1 1 0 1 7 1 797
block8 854 1 3 50 15 1 1 0 1 1 1 457
block8 860 1 3 400 15 1 1 0 1 1 1 706
block8 857 7 9 50 15 1 1 0 1 7 1 795
block8 864 1 9 400 15 1 1 0 1 1 1 921
block8 858 1 9 50 15 1 1 0 1 1 1 776
block8 861 7 7 400 15 1 1 0 1 7 1 850
block8 863 7 9 400 15 1 1 0 1 7 1 937
block8 855 7 7 50 15 1 1 0 1 7 1 613
block8 853 7 3 50 15 1 1 0 1 7 1 632
block8 862 1 7 400 15 1 1 0 1 1 1 783
block8 859 7 3 400 15 1 1 0 1 7 1 598
block8 856 1 7 50 15 1 1 0 1 1 1 785
block8 873 7 7 400 15 1 1 0 1 7 1 563
block8 870 1 9 50 15 1 1 0 1 1 1 593
block8 869 7 9 50 15 1 1 0 1 7 1 1130
block8 867 7 7 50 15 1 1 0 1 7 1 550
block8 875 7 9 400 15 1 1 0 1 7 1 879
block8 865 7 3 50 15 1 1 0 1 7 1 509
block8 874 1 7 400 15 1 1 0 1 1 1 575
block8 872 1 3 400 15 1 1 0 1 1 1 583
block8 868 1 7 50 15 1 1 0 1 1 1 1090
block8 871 7 3 400 15 1 1 0 1 7 1 613
block8 876 1 9 400 15 1 1 0 1 1 1 574
block8 866 1 3 50 15 1 1 0 1 1 1 597
block8 880 1 7 50 15 1 1 0 1 1 1 724
block8 883 7 3 400 15 1 1 0 1 7 1 538
block8 888 1 9 400 15 1 1 0 1 1 1 668
block8 877 7 3 50 15 1 1 0 1 7 1 709
block8 885 7 7 400 15 1 1 0 1 7 1 691
block8 886 1 7 400 15 1 1 0 1 1 1 850
block8 878 1 3 50 15 1 1 0 1 7 2 918
block8 881 7 9 50 15 1 1 0 1 7 1 1001
block8 882 1 9 50 15 1 1 0 1 1 1 651
block8 887 7 9 400 15 1 1 0 1 7 1 503
block8 884 1 3 400 15 1 1 0 1 1 1 589
block8 879 7 7 50 15 1 1 0 1 7 1 787
block8 889 7 3 50 15 1 1 0 1 7 1 697
block8 894 1 9 50 15 1 1 0 1 1 1 952
block8 900 1 9 400 15 1 1 0 1 1 1 545
block8 897 7 7 400 15 1 1 0 1 7 1 578
block8 892 1 7 50 15 1 1 0 1 1 1 854
block8 895 7 3 400 15 1 1 0 1 7 1 441
block8 896 1 3 400 15 1 1 0 1 1 1 455
block8 893 7 9 50 15 1 1 0 1 7 1 562
block8 899 7 9 400 15 1 1 0 1 7 1 582
block8 891 7 7 50 15 1 1 0 1 1 2 634
block8 898 1 7 400 15 1 1 0 1 1 1 564
block8 890 1 3 50 15 1 1 0 1 1 1 504
block8 910 1 7 400 15 1 1 0 1 1 1 523
block8 902 1 3 50 15 1 1 0 1 1 1 637
block8 903 7 7 50 15 1 1 0 1 1 2 648
block8 909 7 7 400 15 1 1 0 1 7 1 678
block8 901 7 3 50 15 1 1 0 1 7 1 421
block8 907 7 3 400 15 1 1 0 1 7 1 507
block8 908 1 3 400 15 1 1 0 1 1 1 538
block8 912 1 9 400 15 1 1 0 1 1 1 804
block8 906 1 9 50 15 1 1 0 1 1 1 652
block8 911 7 9 400 15 1 1 0 1 7 1 1204
block8 904 1 7 50 15 1 1 0 1 1 1 640
block8 905 7 9 50 15 1 1 0 1 7 1 689
block8 923 7 9 400 15 1 1 0 1 7 1 1079
block8 922 1 7 400 15 1 1 0 1 1 1 884
block8 918 1 9 50 15 1 1 0 1 1 1 732
block8 914 1 3 50 15 1 1 0 1 1 1 728
block8 921 7 7 400 15 1 1 0 1 7 1 991
block8 913 7 3 50 15 1 1 0 1 7 1 558
block8 916 1 7 50 15 1 1 0 1 1 1 893
block8 920 1 3 400 15 1 1 0 1 1 1 565
block8 917 7 9 50 15 1 1 0 1 7 1 1262
block8 915 7 7 50 15 1 1 0 1 7 1 582
block8 924 1 9 400 15 1 1 0 1 1 1 978
block8 919 7 3 400 15 1 1 0 1 7 1 580
block8 935 7 9 400 15 1 1 0 1 7 1 1113
block8 925 7 3 50 15 1 1 0 1 7 1 628
block8 929 7 9 50 15 1 1 0 1 7 1 697
block8 927 7 7 50 15 1 1 0 1 7 1 700
block8 936 1 9 400 15 1 1 0 1 1 1 790
block8 933 7 7 400 15 1 1 0 1 7 1 708
block8 926 1 3 50 15 1 1 0 1 1 1 566
block8 931 7 3 400 15 1 1 0 1 7 1 629
block8 928 1 7 50 15 1 1 0 1 1 1 702
block8 930 1 9 50 15 1 1 0 1 7 2 1039
block8 934 1 7 400 15 1 1 0 1 1 1 952
block8 932 1 3 400 15 1 1 0 1 1 1 563
block8 943 7 3 400 15 1 1 0 1 7 1 554
block8 947 7 9 400 15 1 1 0 1 7 1 820
block8 945 7 7 400 15 1 1 0 1 7 1 606
block8 940 1 7 50 15 1 1 0 1 1 1 1162
block8 942 1 9 50 15 1 1 0 1 1 1 1089
block8 939 7 7 50 15 1 1 0 1 7 1 728
block8 937 7 3 50 15 1 1 0 1 7 1 540
block8 944 1 3 400 15 1 1 0 1 1 1 630
block8 946 1 7 400 15 1 1 0 1 1 1 658
block8 941 7 9 50 15 1 1 0 1 7 1 591
block8 938 1 3 50 15 1 1 0 1 1 1 537
block8 948 1 9 400 15 1 1 0 1 1 1 1248
block8 952 1 7 50 15 1 1 0 1 1 1 939
block8 958 1 7 400 15 1 1 0 1 1 1 645
block8 949 7 3 50 15 1 1 0 1 7 1 636
block8 957 7 7 400 15 1 1 0 1 7 1 600
block8 954 1 9 50 15 1 1 0 1 1 1 1187
block8 956 1 3 400 15 1 1 0 1 1 1 676
block8 959 7 9 400 15 1 1 0 1 7 1 866
block8 960 1 9 400 15 1 1 0 1 1 1 1036
block8 950 1 3 50 15 1 1 0 1 1 1 638
block8 953 7 9 50 15 1 1 0 1 1 2 958
block8 955 7 3 400 15 1 1 0 1 7 1 568
block8 951 7 7 50 15 1 1 0 1 7 1 723
block8 967 7 3 400 15 1 1 0 1 7 1 492
block8 971 7 9 400 15 1 1 0 1 7 1 556
block8 963 7 7 50 15 1 1 0 1 7 1 547
block8 964 1 7 50 15 1 1 0 1 1 1 1176
block8 969 7 7 400 15 1 1 0 1 7 1 512
block8 972 1 9 400 15 1 1 0 1 1 1 783
block8 965 7 9 50 15 1 1 0 1 7 1 538
block8 968 1 3 400 15 1 1 0 1 1 1 480
block8 961 7 3 50 15 1 1 0 1 7 1 505
block8 970 1 7 400 15 1 1 0 1 1 1 447
block8 966 1 9 50 15 1 1 0 1 1 1 645
block8 962 1 3 50 15 1 1 0 1 1 1 527
block9 974 1 3 50 15 1 1 0 1 1 1 488
block9 984 1 9 400 15 1 1 0 1 1 1 942
block9 981 7 7 400 15 1 1 0 1 7 1 618
block9 973 7 3 50 15 1 1 0 1 7 1 461
block9 976 1 7 50 15 1 1 0 1 1 1 743
block9 978 1 9 50 15 1 1 0 1 7 2 1042
block9 983 7 9 400 15 1 1 0 1 7 1 654
block9 975 7 7 50 15 1 1 0 1 7 1 574
block9 980 1 3 400 15 1 1 0 1 1 1 470
block9 982 1 7 400 15 1 1 0 1 1 1 693
block9 979 7 3 400 15 1 1 0 1 7 1 467
block9 977 7 9 50 15 1 1 0 1 7 1 1098
block9 995 7 9 400 15 1 1 0 1 7 1 647
block9 989 7 9 50 15 1 1 0 1 7 1 643
block9 986 1 3 50 15 1 1 0 1 1 1 535
block9 994 1 7 400 15 1 1 0 1 1 1 513
block9 985 7 3 50 15 1 1 0 1 7 1 651
block9 990 1 9 50 15 1 1 0 1 1 1 532
block9 993 7 7 400 15 1 1 0 1 7 1 650
block9 996 1 9 400 15 1 1 0 1 1 1 682
block9 988 1 7 50 15 1 1 0 1 1 1 2412
block9 992 1 3 400 15 1 1 0 1 1 1 511
block9 987 7 7 50 15 1 1 0 1 7 1 630
block9 991 7 3 400 15 1 1 0 1 7 1 473
block9 1008 1 9 400 15 1 1 0 1 7 2 1120
block9 1000 1 7 50 15 1 1 0 1 1 1 749
block9 1004 1 3 400 15 1 1 0 1 1 1 621
block9 1001 7 9 50 15 1 1 0 1 7 1 973
block9 1002 1 9 50 15 1 1 0 1 1 1 780
block9 1007 7 9 400 15 1 1 0 1 7 1 686
block9 998 1 3 50 15 1 1 0 1 1 1 721
block9 1006 1 7 400 15 1 1 0 1 1 1 1225
block9 1003 7 3 400 15 1 1 0 1 7 1 667
block9 999 7 7 50 15 1 1 0 1 7 1 1532
block9 997 7 3 50 15 1 1 0 1 7 1 499
block9 1005 7 7 400 15 1 1 0 1 7 1 812
block9 1017 7 7 400 15 1 1 0 1 7 1 519
block9 1018 1 7 400 15 1 1 0 1 1 1 656
block9 1011 7 7 50 15 1 1 0 1 7 1 602
block9 1019 7 9 400 15 1 1 0 1 7 1 716
block9 1009 7 3 50 15 1 1 0 1 7 1 708
block9 1010 1 3 50 15 1 1 0 1 1 1 659
block9 1013 7 9 50 15 1 1 0 1 7 1 569
block9 1012 1 7 50 15 1 1 0 1 1 1 655
block9 1015 7 3 400 15 1 1 0 1 7 1 582
block9 1020 1 9 400 15 1 1 0 1 1 1 1385
block9 1014 1 9 50 15 1 1 0 1 1 1 741
block9 1016 1 3 400 15 1 1 0 1 1 1 549
block9 1030 1 7 400 15 1 1 0 1 7 2 1053
block9 1021 7 3 50 15 1 1 0 1 7 1 567
block9 1025 7 9 50 15 1 1 0 1 7 1 1131
block9 1032 1 9 400 15 1 1 0 1 1 1 661
block9 1031 7 9 400 15 1 1 0 1 7 1 900
block9 1027 7 3 400 15 1 1 0 1 7 1 603
block9 1023 7 7 50 15 1 1 0 1 7 1 849
block9 1029 7 7 400 15 1 1 0 1 7 1 981
block9 1026 1 9 50 15 1 1 0 1 1 1 1303
block9 1022 1 3 50 15 1 1 0 1 1 1 740
block9 1024 1 7 50 15 1 1 0 1 1 1 612
block9 1028 1 3 400 15 1 1 0 1 1 1 505
block9 1043 7 9 400 15 1 1 0 1 7 1 540
block9 1040 1 3 400 15 1 1 0 1 1 1 565
block9 1036 1 7 50 15 1 1 0 1 1 1 682
block9 1044 1 9 400 15 1 1 0 1 1 1 652
block9 1035 7 7 50 15 1 1 0 1 7 1 1385
block9 1041 7 7 400 15 1 1 0 1 7 1 692
block9 1034 1 3 50 15 1 1 0 1 1 1 482
block9 1038 1 9 50 15 1 1 0 1 1 1 1621
block9 1039 7 3 400 15 1 1 0 1 7 1 503
block9 1037 7 9 50 15 1 1 0 1 7 1 1104
block9 1033 7 3 50 15 1 1 0 1 7 1 499
block9 1042 1 7 400 15 1 1 0 1 1 1 1104
block9 1052 1 3 400 15 1 1 0 1 1 1 612
block9 1050 1 9 50 15 1 1 0 1 1 1 928
block9 1055 7 9 400 15 1 1 0 1 7 1 933
block9 1049 7 9 50 15 1 1 0 1 7 1 941
block9 1056 1 9 400 15 1 1 0 1 1 1 1005
block9 1054 1 7 400 15 1 1 0 1 1 1 693
block9 1053 7 7 400 15 1 1 0 1 7 1 998
block9 1048 1 7 50 15 1 1 0 1 1 1 932
block9 1045 7 3 50 15 1 1 0 1 7 1 523
block9 1047 7 7 50 15 1 1 0 1 1 2 819
block9 1051 7 3 400 15 1 1 0 1 7 1 771
block9 1046 1 3 50 15 1 1 0 1 1 1 549
block9 1057 7 3 50 15 1 1 0 1 7 1 733
block9 1064 1 3 400 15 1 1 0 1 1 1 596
block9 1058 1 3 50 15 1 1 0 1 1 1 664
block9 1059 7 7 50 15 1 1 0 1 7 1 1066
block9 1061 7 9 50 15 1 1 0 1 7 1 1189
block9 1060 1 7 50 15 1 1 0 1 1 1 742
block9 1062 1 9 50 15 1 1 0 1 1 1 1539
block9 1068 1 9 400 15 1 1 0 1 1 1 663
block9 1065 7 7 400 15 1 1 0 1 7 1 487
block9 1067 7 9 400 15 1 1 0 1 7 1 528
block9 1063 7 3 400 15 1 1 0 1 7 1 478
block9 1066 1 7 400 15 1 1 0 1 1 1 551
block9 1074 1 9 50 15 1 1 0 1 1 1 891
block9 1079 7 9 400 15 1 1 0 1 7 1 505
block9 1080 1 9 400 15 1 1 0 1 1 1 570
block9 1072 1 7 50 15 1 1 0 1 1 1 589
block9 1078 1 7 400 15 1 1 0 1 1 1 738
block9 1076 1 3 400 15 1 1 0 1 1 1 594
block9 1069 7 3 50 15 1 1 0 1 7 1 463
block9 1075 7 3 400 15 1 1 0 1 7 1 630
block9 1071 7 7 50 15 1 1 0 1 7 1 1077
block9 1070 1 3 50 15 1 1 0 1 1 1 466
block9 1073 7 9 50 15 1 1 0 1 7 1 1021
block9 1077 7 7 400 15 1 1 0 1 7 1 753
block9 1085 7 9 50 15 1 1 0 1 7 1 2352
block9 1088 1 3 400 15 1 1 0 1 1 1 1034
block9 1090 1 7 400 15 1 1 0 1 1 1 659
block9 1084 1 7 50 15 1 1 0 1 1 1 748
block9 1086 1 9 50 15 1 1 0 1 1 1 1231
block9 1089 7 7 400 15 1 1 0 1 7 1 958
block9 1091 7 9 400 15 1 1 0 1 7 1 1059
block9 1083 7 7 50 15 1 1 0 1 7 1 1072
block9 1087 7 3 400 15 1 1 0 1 7 1 1697
block9 1081 7 3 50 15 1 1 0 1 7 1 559
block9 1082 1 3 50 15 1 1 0 1 7 2 585
block9 1092 1 9 400 15 1 1 0 1 1 1 714
block10 1100 1 3 400 15 1 1 0 1 1 1 539
block10 1094 1 3 50 15 1 1 0 1 1 1 497
block10 1104 1 9 400 15 1 1 0 1 1 1 880
block10 1097 7 9 50 15 1 1 0 1 7 1 1310
block10 1103 7 9 400 15 1 1 0 1 7 1 576
block10 1102 1 7 400 15 1 1 0 1 1 1 473
block10 1096 1 7 50 15 1 1 0 1 1 1 646
block10 1101 7 7 400 15 1 1 0 1 7 1 441
block10 1093 7 3 50 15 1 1 0 1 7 1 455
block10 1098 1 9 50 15 1 1 0 1 1 1 1013
block10 1095 7 7 50 15 1 1 0 1 7 1 640
block10 1099 7 3 400 15 1 1 0 1 7 1 466
block10 1106 1 3 50 15 1 1 0 1 1 1 548
block10 1114 1 7 400 15 1 1 0 1 1 1 560
block10 1107 7 7 50 15 1 1 0 1 7 1 492
block10 1105 7 3 50 15 1 1 0 1 7 1 842
block10 1112 1 3 400 15 1 1 0 1 1 1 497
block10 1108 1 7 50 15 1 1 0 1 1 1 632
block10 1116 1 9 400 15 1 1 0 1 1 1 534
block10 1109 7 9 50 15 1 1 0 1 7 1 1029
block10 1113 7 7 400 15 1 1 0 1 7 1 547
block10 1111 7 3 400 15 1 1 0 1 1 2 586
block10 1115 7 9 400 15 1 1 0 1 7 1 615
block10 1110 1 9 50 15 1 1 0 1 1 1 615
block10 1120 1 7 50 15 1 1 0 1 1 1 790
block10 1125 7 7 400 15 1 1 0 1 7 1 493
block10 1119 7 7 50 15 1 1 0 1 7 1 587
block10 1123 7 3 400 15 1 1 0 1 7 1 533
block10 1117 7 3 50 15 1 1 0 1 7 1 586
block10 1121 7 9 50 15 1 1 0 1 1 2 894
block10 1122 1 9 50 15 1 1 0 1 1 1 768
block10 1124 1 3 400 15 1 1 0 1 1 1 488
block10 1126 1 7 400 15 1 1 0 1 1 1 883
block10 1127 7 9 400 15 1 1 0 1 7 1 609
block10 1128 1 9 400 15 1 1 0 1 1 1 548
block10 1118 1 3 50 15 1 1 0 1 1 1 650
block10 1137 7 7 400 15 1 1 0 1 7 1 588
block10 1129 7 3 50 15 1 1 0 1 7 1 587
block10 1140 1 9 400 15 1 1 0 1 1 1 745
block10 1139 7 9 400 15 1 1 0 1 7 1 672
block10 1138 1 7 400 15 1 1 0 1 1 1 602
block10 1135 7 3 400 15 1 1 0 1 7 1 656
block10 1134 1 9 50 15 1 1 0 1 1 1 665
block10 1131 7 7 50 15 1 1 0 1 7 1 551
block10 1133 7 9 50 15 1 1 0 1 1 2 1128
block10 1132 1 7 50 15 1 1 0 1 1 1 1110
block10 1136 1 3 400 15 1 1 0 1 1 1 573
block10 1130 1 3 50 15 1 1 0 1 1 1 601
block10 1143 7 7 50 15 1 1 0 1 7 1 781
block10 1142 1 3 50 15 1 1 0 1 1 1 609
block10 1145 7 9 50 15 1 1 0 1 7 1 557
block10 1150 1 7 400 15 1 1 0 1 1 1 759
block10 1146 1 9 50 15 1 1 0 1 1 1 602
block10 1151 7 9 400 15 1 1 0 1 7 1 577
block10 1144 1 7 50 15 1 1 0 1 1 1 672
block10 1152 1 9 400 15 1 1 0 1 1 1 883
block10 1147 7 3 400 15 1 1 0 1 7 1 559
block10 1149 7 7 400 15 1 1 0 1 7 1 715
block10 1148 1 3 400 15 1 1 0 1 1 1 595
block10 1141 7 3 50 15 1 1 0 1 7 1 595
block10 1153 7 3 50 15 1 1 0 1 7 1 612
block10 1162 1 7 400 15 1 1 0 1 1 1 612
block10 1161 7 7 400 15 1 1 0 1 7 1 595
block10 1164 1 9 400 15 1 1 0 1 1 1 655
block10 1159 7 3 400 15 1 1 0 1 7 1 737
block10 1154 1 3 50 15 1 1 0 1 1 1 667
block10 1156 1 7 50 15 1 1 0 1 1 1 832
block10 1157 7 9 50 15 1 1 0 1 7 1 1074
block10 1163 7 9 400 15 1 1 0 1 7 1 1329
block10 1155 7 7 50 15 1 1 0 1 7 1 1354
block10 1160 1 3 400 15 1 1 0 1 1 1 785
block10 1158 1 9 50 15 1 1 0 1 7 2 1558
block10 1166 1 3 50 15 1 1 0 1 1 1 476
block10 1168 1 7 50 15 1 1 0 1 1 1 599
block10 1169 7 9 50 15 1 1 0 1 7 1 601
block10 1170 1 9 50 15 1 1 0 1 1 1 1013
block10 1165 7 3 50 15 1 1 0 1 7 1 525
block10 1172 1 3 400 15 1 1 0 1 1 1 517
block10 1171 7 3 400 15 1 1 0 1 7 1 779
block10 1173 7 7 400 15 1 1 0 1 1 2 1149
block10 1174 1 7 400 15 1 1 0 1 1 1 857
block10 1176 1 9 400 15 1 1 0 1 1 1 966
block10 1167 7 7 50 15 1 1 0 1 7 1 803
block10 1175 7 9 400 15 1 1 0 1 7 1 651
block10 1180 1 7 50 15 1 1 0 1 1 1 854
block10 1186 1 7 400 15 1 1 0 1 1 1 647
block10 1178 1 3 50 15 1 1 0 1 1 1 531
block10 1187 7 9 400 15 1 1 0 1 1 2 1192
block10 1183 7 3 400 15 1 1 0 1 7 1 561
block10 1188 1 9 400 15 1 1 0 1 1 1 758
block10 1179 7 7 50 15 1 1 0 1 7 1 1665
block10 1184 1 3 400 15 1 1 0 1 1 1 531
block10 1177 7 3 50 15 1 1 0 1 7 1 513
block10 1185 7 7 400 15 1 1 0 1 7 1 613
block10 1182 1 9 50 15 1 1 0 1 1 1 1075
block10 1181 7 9 50 15 1 1 0 1 7 1 647
block10 1198 1 7 400 15 1 1 0 1 1 1 620
block10 1195 7 3 400 15 1 1 0 1 7 1 626
block10 1189 7 3 50 15 1 1 0 1 7 1 543
block10 1197 7 7 400 15 1 1 0 1 7 1 584
block10 1193 7 9 50 15 1 1 0 1 7 1 721
block10 1194 1 9 50 15 1 1 0 1 1 1 774
block10 1190 1 3 50 15 1 1 0 1 1 1 470
block10 1192 1 7 50 15 1 1 0 1 1 1 697
block10 1191 7 7 50 15 1 1 0 1 7 1 782
block10 1196 1 3 400 15 1 1 0 1 1 1 536
block10 1200 1 9 400 15 1 1 0 1 1 1 1099
block10 1199 7 9 400 15 1 1 0 1 7 1 680
block10 1205 7 9 50 15 1 1 0 1 7 1 556
block10 1203 7 7 50 15 1 1 0 1 7 1 552
block10 1209 7 7 400 15 1 1 0 1 7 1 518
block10 1211 7 9 400 15 1 1 0 1 7 1 672
block10 1208 1 3 400 15 1 1 0 1 1 1 638
block10 1210 1 7 400 15 1 1 0 1 1 1 988
block10 1202 1 3 50 15 1 1 0 1 1 1 492
block10 1201 7 3 50 15 1 1 0 1 7 1 567
block10 1204 1 7 50 15 1 1 0 1 1 1 646
block10 1206 1 9 50 15 1 1 0 1 1 1 836
block10 1207 7 3 400 15 1 1 0 1 7 1 543
block10 1212 1 9 400 15 1 1 0 1 1 1 627
