blockName counter targetLR setSize isi cueUcOrLc congr competing preivewOrNot keyPressed keyStatus rt NA
prc 10 1 7 400 15 1 1 0 1 1 1 902
prc 6 1 9 50 15 1 1 0 1 1 1 648
prc 1 7 3 50 15 1 1 0 1 7 1 454
prc 11 7 9 400 15 1 1 0 1 7 1 760
prc 4 1 7 50 15 1 1 0 1 1 1 658
prc 9 7 7 400 15 1 1 0 1 7 1 533
prc 2 1 3 50 15 1 1 0 1 1 1 451
prc 3 7 7 50 15 1 1 0 1 7 1 701
prc 7 7 3 400 15 1 1 0 1 7 1 590
prc 12 1 9 400 15 1 1 0 1 1 1 777
prc 5 7 9 50 15 1 1 0 1 7 1 874
prc 8 1 3 400 15 1 1 0 1 1 1 493
block1 17 7 9 50 15 1 1 0 1 7 1 1659
block1 24 1 9 400 15 1 1 0 1 1 1 1181
block1 22 1 7 400 15 1 1 0 1 1 1 1429
block1 18 1 9 50 15 1 1 0 1 1 1 1009
block1 20 1 3 400 15 1 1 0 1 1 1 409
block1 13 7 3 50 15 1 1 0 1 7 1 345
block1 21 7 7 400 15 1 1 0 1 7 1 1783
block1 19 7 3 400 15 1 1 0 1 7 1 838
block1 14 1 3 50 15 1 1 0 1 1 1 474
block1 15 7 7 50 15 1 1 0 1 7 1 911
block1 23 7 9 400 15 1 1 0 1 7 1 1575
block1 16 1 7 50 15 1 1 0 1 1 1 548
block1 32 1 3 400 15 1 1 0 1 1 1 482
block1 26 1 3 50 15 1 1 0 1 1 1 430
block1 28 1 7 50 15 1 1 0 1 1 1 887
block1 34 1 7 400 15 1 1 0 1 1 1 725
block1 27 7 7 50 15 1 1 0 1 7 1 859
block1 33 7 7 400 15 1 1 0 1 7 1 854
block1 36 1 9 400 15 1 1 0 1 1 1 1057
block1 29 7 9 50 15 1 1 0 1 7 1 1211
block1 35 7 9 400 15 1 1 0 1 7 1 1710
block1 25 7 3 50 15 1 1 0 1 7 1 599
block1 31 7 3 400 15 1 1 0 1 7 1 403
block1 30 1 9 50 15 1 1 0 1 1 1 704
block1 44 1 3 400 15 1 1 0 1 1 1 380
block1 43 7 3 400 15 1 1 0 1 7 1 616
block1 41 7 9 50 15 1 1 0 1 7 1 931
block1 39 7 7 50 15 1 1 0 1 7 1 858
block1 42 1 9 50 15 1 1 0 1 1 1 546
block1 45 7 7 400 15 1 1 0 1 7 1 723
block1 37 7 3 50 15 1 1 0 1 7 1 710
block1 46 1 7 400 15 1 1 0 1 1 1 1007
block1 38 1 3 50 15 1 1 0 1 1 1 453
block1 40 1 7 50 15 1 1 0 1 1 1 706
block1 48 1 9 400 15 1 1 0 1 1 1 596
block1 47 7 9 400 15 1 1 0 1 7 1 1057
block1 57 7 7 400 15 1 1 0 1 7 1 582
block1 53 7 9 50 15 1 1 0 1 7 1 666
block1 51 7 7 50 15 1 1 0 1 7 1 1150
block1 56 1 3 400 15 1 1 0 1 1 1 672
block1 50 1 3 50 15 1 1 0 1 1 1 657
block1 60 1 9 400 15 1 1 0 1 1 1 1365
block1 54 1 9 50 15 1 1 0 1 1 1 1172
block1 49 7 3 50 15 1 1 0 1 7 1 514
block1 55 7 3 400 15 1 1 0 1 7 1 973
block1 59 7 9 400 15 1 1 0 1 7 1 1084
block1 52 1 7 50 15 1 1 0 1 1 1 509
block1 58 1 7 400 15 1 1 0 1 1 1 579
block1 70 1 7 400 15 1 1 0 1 1 1 1044
block1 66 1 9 50 15 1 1 0 1 1 1 1394
block1 63 7 7 50 15 1 1 0 1 7 1 858
block1 69 7 7 400 15 1 1 0 1 7 1 1148
block1 61 7 3 50 15 1 1 0 1 7 1 516
block1 67 7 3 400 15 1 1 0 1 7 1 413
block1 71 7 9 400 15 1 1 0 1 7 1 699
block1 64 1 7 50 15 1 1 0 1 1 1 2043
block1 72 1 9 400 15 1 1 0 1 1 1 823
block1 68 1 3 400 15 1 1 0 1 1 1 508
block1 62 1 3 50 15 1 1 0 1 1 1 455
block1 65 7 9 50 15 1 1 0 1 7 1 678
block2 74 1 3 50 15 1 1 0 1 1 1 404
block2 78 1 9 50 15 1 1 0 1 1 1 571
block2 76 1 7 50 15 1 1 0 1 1 1 861
block2 82 1 7 400 15 1 1 0 1 1 1 610
block2 81 7 7 400 15 1 1 0 1 7 1 540
block2 73 7 3 50 15 1 1 0 1 7 1 402
block2 77 7 9 50 15 1 1 0 1 7 1 956
block2 84 1 9 400 15 1 1 0 1 1 1 1012
block2 80 1 3 400 15 1 1 0 1 1 1 422
block2 83 7 9 400 15 1 1 0 1 7 1 481
block2 79 7 3 400 15 1 1 0 1 7 1 635
block2 75 7 7 50 15 1 1 0 1 7 1 879
block2 94 1 7 400 15 1 1 0 1 1 1 628
block2 85 7 3 50 15 1 1 0 1 7 1 432
block2 96 1 9 400 15 1 1 0 1 1 1 890
block2 95 7 9 400 15 1 1 0 1 7 1 887
block2 89 7 9 50 15 1 1 0 1 7 1 995
block2 93 7 7 400 15 1 1 0 1 7 1 775
block2 87 7 7 50 15 1 1 0 1 7 1 488
block2 88 1 7 50 15 1 1 0 1 1 1 726
block2 91 7 3 400 15 1 1 0 1 7 1 552
block2 90 1 9 50 15 1 1 0 1 1 1 954
block2 92 1 3 400 15 1 1 0 1 1 1 545
block2 86 1 3 50 15 1 1 0 1 1 1 632
block2 98 1 3 50 15 1 1 0 1 1 1 546
block2 102 1 9 50 15 1 1 0 1 1 1 1107
block2 108 1 9 400 15 1 1 0 1 1 1 619
block2 103 7 3 400 15 1 1 0 1 7 1 584
block2 97 7 3 50 15 1 1 0 1 7 1 518
block2 105 7 7 400 15 1 1 0 1 7 1 540
block2 104 1 3 400 15 1 1 0 1 1 1 429
block2 101 7 9 50 15 1 1 0 1 7 1 848
block2 99 7 7 50 15 1 1 0 1 7 1 483
block2 100 1 7 50 15 1 1 0 1 1 1 576
block2 106 1 7 400 15 1 1 0 1 1 1 915
block2 107 7 9 400 15 1 1 0 1 7 1 636
block2 120 1 9 400 15 1 1 0 1 1 1 704
block2 110 1 3 50 15 1 1 0 1 1 1 404
block2 112 1 7 50 15 1 1 0 1 1 1 696
block2 113 7 9 50 15 1 1 0 1 7 1 1126
block2 118 1 7 400 15 1 1 0 1 1 1 603
block2 115 7 3 400 15 1 1 0 1 7 1 908
block2 117 7 7 400 15 1 1 0 1 7 1 721
block2 114 1 9 50 15 1 1 0 1 1 1 741
block2 119 7 9 400 15 1 1 0 1 7 1 855
block2 116 1 3 400 15 1 1 0 1 1 1 603
block2 109 7 3 50 15 1 1 0 1 7 1 675
block2 111 7 7 50 15 1 1 0 1 7 1 932
block2 132 1 9 400 15 1 1 0 1 1 1 1182
block2 122 1 3 50 15 1 1 0 1 1 1 605
block2 127 7 3 400 15 1 1 0 1 7 1 593
block2 126 1 9 50 15 1 1 0 1 1 1 964
block2 128 1 3 400 15 1 1 0 1 1 1 714
block2 130 1 7 400 15 1 1 0 1 1 1 597
block2 124 1 7 50 15 1 1 0 1 1 1 726
block2 123 7 7 50 15 1 1 0 1 7 1 839
block2 125 7 9 50 15 1 1 0 1 7 1 1464
block2 121 7 3 50 15 1 1 0 1 7 1 437
block2 129 7 7 400 15 1 1 0 1 7 1 1273
block2 131 7 9 400 15 1 1 0 1 7 1 718
block3 143 7 9 400 15 1 1 0 1 7 1 1189
block3 138 1 9 50 15 1 1 0 1 1 1 763
block3 140 1 3 400 15 1 1 0 1 1 1 1005
block3 139 7 3 400 15 1 1 0 1 7 1 524
block3 135 7 7 50 15 1 1 0 1 7 1 726
block3 142 1 7 400 15 1 1 0 1 1 1 667
block3 136 1 7 50 15 1 1 0 1 1 1 641
block3 134 1 3 50 15 1 1 0 1 1 1 405
block3 137 7 9 50 15 1 1 0 1 7 1 591
block3 141 7 7 400 15 1 1 0 1 7 1 475
block3 144 1 9 400 15 1 1 0 1 1 1 514
block3 133 7 3 50 15 1 1 0 1 7 1 444
block3 153 7 7 400 15 1 1 0 1 7 1 646
block3 152 1 3 400 15 1 1 0 1 1 1 513
block3 145 7 3 50 15 1 1 0 1 7 1 414
block3 147 7 7 50 15 1 1 0 1 7 1 733
block3 150 1 9 50 15 1 1 0 1 1 1 634
block3 146 1 3 50 15 1 1 0 1 1 1 482
block3 148 1 7 50 15 1 1 0 1 1 1 901
block3 154 1 7 400 15 1 1 0 1 1 1 892
block3 149 7 9 50 15 1 1 0 1 7 1 1111
block3 151 7 3 400 15 1 1 0 1 7 1 437
block3 156 1 9 400 15 1 1 0 1 1 1 935
block3 155 7 9 400 15 1 1 0 1 7 1 699
block3 161 7 9 50 15 1 1 0 1 7 1 1178
block3 163 7 3 400 15 1 1 0 1 7 1 471
block3 164 1 3 400 15 1 1 0 1 1 1 835
block3 157 7 3 50 15 1 1 0 1 7 1 704
block3 159 7 7 50 15 1 1 0 1 7 1 910
block3 166 1 7 400 15 1 1 0 1 1 1 1164
block3 168 1 9 400 15 1 1 0 1 1 1 710
block3 162 1 9 50 15 1 1 0 1 1 1 1613
block3 158 1 3 50 15 1 1 0 1 1 1 732
block3 160 1 7 50 15 1 1 0 1 1 1 1053
block3 165 7 7 400 15 1 1 0 1 7 1 653
block3 167 7 9 400 15 1 1 0 1 7 1 805
block3 180 1 9 400 15 1 1 0 1 1 1 873
block3 174 1 9 50 15 1 1 0 1 1 1 1049
block3 171 7 7 50 15 1 1 0 1 7 1 1121
block3 175 7 3 400 15 1 1 0 1 7 1 391
block3 170 1 3 50 15 1 1 0 1 1 1 485
block3 178 1 7 400 15 1 1 0 1 1 1 803
block3 169 7 3 50 15 1 1 0 1 7 1 441
block3 177 7 7 400 15 1 1 0 1 7 1 1022
block3 172 1 7 50 15 1 1 0 1 1 1 1013
block3 173 7 9 50 15 1 1 0 1 7 1 904
block3 176 1 3 400 15 1 1 0 1 1 1 437
block3 179 7 9 400 15 1 1 0 1 7 1 626
block3 192 1 9 400 15 1 1 0 1 1 1 680
block3 181 7 3 50 15 1 1 0 1 7 1 575
block3 187 7 3 400 15 1 1 0 1 7 1 418
block3 186 1 9 50 15 1 1 0 1 1 1 944
block3 182 1 3 50 15 1 1 0 1 1 1 598
block3 184 1 7 50 15 1 1 0 1 1 1 781
block3 190 1 7 400 15 1 1 0 1 1 1 1054
block3 191 7 9 400 15 1 1 0 1 7 1 561
block3 183 7 7 50 15 1 1 0 1 7 1 715
block3 188 1 3 400 15 1 1 0 1 1 1 448
block3 189 7 7 400 15 1 1 0 1 7 1 726
block3 185 7 9 50 15 1 1 0 1 7 1 675
block4 201 7 7 400 15 1 1 0 1 7 1 708
block4 203 7 9 400 15 1 1 0 1 7 1 1023
block4 198 1 9 50 15 1 1 0 1 1 1 749
block4 202 1 7 400 15 1 1 0 1 1 1 720
block4 194 1 3 50 15 1 1 0 1 1 1 439
block4 196 1 7 50 15 1 1 0 1 1 1 622
block4 200 1 3 400 15 1 1 0 1 1 1 381
block4 195 7 7 50 15 1 1 0 1 7 1 494
block4 199 7 3 400 15 1 1 0 1 7 1 481
block4 193 7 3 50 15 1 1 0 1 7 1 454
block4 204 1 9 400 15 1 1 0 1 1 1 1191
block4 197 7 9 50 15 1 1 0 1 7 1 895
block4 216 1 9 400 15 1 1 0 1 1 1 847
block4 205 7 3 50 15 1 1 0 1 7 1 416
block4 206 1 3 50 15 1 1 0 1 1 1 489
block4 207 7 7 50 15 1 1 0 1 7 1 641
block4 209 7 9 50 15 1 1 0 1 7 1 588
block4 214 1 7 400 15 1 1 0 1 1 1 1016
block4 213 7 7 400 15 1 1 0 1 7 1 1423
block4 210 1 9 50 15 1 1 0 1 1 1 957
block4 215 7 9 400 15 1 1 0 1 7 1 898
block4 211 7 3 400 15 1 1 0 1 7 1 454
block4 212 1 3 400 15 1 1 0 1 1 1 521
block4 208 1 7 50 15 1 1 0 1 1 1 1094
block4 222 1 9 50 15 1 1 0 1 1 1 797
block4 219 7 7 50 15 1 1 0 1 7 1 466
block4 227 7 9 400 15 1 1 0 1 7 1 635
block4 223 7 3 400 15 1 1 0 1 7 1 550
block4 228 1 9 400 15 1 1 0 1 1 1 1007
block4 218 1 3 50 15 1 1 0 1 1 1 841
block4 224 1 3 400 15 1 1 0 1 1 1 552
block4 226 1 7 400 15 1 1 0 1 1 1 852
block4 217 7 3 50 15 1 1 0 1 7 1 625
block4 220 1 7 50 15 1 1 0 1 1 1 803
block4 225 7 7 400 15 1 1 0 1 7 1 721
block4 221 7 9 50 15 1 1 0 1 7 1 598
block4 236 1 3 400 15 1 1 0 1 1 1 494
block4 231 7 7 50 15 1 1 0 1 7 1 681
block4 238 1 7 400 15 1 1 0 1 1 1 853
block4 232 1 7 50 15 1 1 0 1 1 1 560
block4 235 7 3 400 15 1 1 0 1 7 1 470
block4 234 1 9 50 15 1 1 0 1 1 1 609
block4 233 7 9 50 15 1 1 0 1 7 1 958
block4 239 7 9 400 15 1 1 0 1 7 1 714
block4 237 7 7 400 15 1 1 0 1 7 1 642
block4 240 1 9 400 15 1 1 0 1 1 1 1071
block4 230 1 3 50 15 1 1 0 1 1 1 480
block4 229 7 3 50 15 1 1 0 1 7 1 421
block4 245 7 9 50 15 1 1 0 1 7 1 1038
block4 241 7 3 50 15 1 1 0 1 7 1 398
block4 243 7 7 50 15 1 1 0 1 7 1 569
block4 250 1 7 400 15 1 1 0 1 1 1 893
block4 249 7 7 400 15 1 1 0 1 7 1 473
block4 242 1 3 50 15 1 1 0 1 1 1 496
block4 244 1 7 50 15 1 1 0 1 1 1 1456
block4 248 1 3 400 15 1 1 0 1 1 1 1106
block4 247 7 3 400 15 1 1 0 1 7 1 647
block4 252 1 9 400 15 1 1 0 1 1 1 1419
block4 251 7 9 400 15 1 1 0 1 7 1 1138
block4 246 1 9 50 15 1 1 0 1 1 1 1159
block5 257 7 9 50 15 1 1 0 1 7 1 1053
block5 256 1 7 50 15 1 1 0 1 1 1 1467
block5 264 1 9 400 15 1 1 0 1 1 1 1171
block5 255 7 7 50 15 1 1 0 1 7 1 512
block5 262 1 7 400 15 1 1 0 1 1 1 913
block5 259 7 3 400 15 1 1 0 1 7 1 427
block5 260 1 3 400 15 1 1 0 1 1 1 397
block5 253 7 3 50 15 1 1 0 1 7 1 780
block5 263 7 9 400 15 1 1 0 1 7 1 796
block5 254 1 3 50 15 1 1 0 1 1 1 471
block5 261 7 7 400 15 1 1 0 1 7 1 790
block5 258 1 9 50 15 1 1 0 1 1 1 761
block5 272 1 3 400 15 1 1 0 1 1 1 534
block5 268 1 7 50 15 1 1 0 1 1 1 595
block5 274 1 7 400 15 1 1 0 1 1 1 914
block5 273 7 7 400 15 1 1 0 1 7 1 744
block5 275 7 9 400 15 1 1 0 1 7 1 727
block5 265 7 3 50 15 1 1 0 1 7 1 1538
block5 269 7 9 50 15 1 1 0 1 7 1 753
block5 271 7 3 400 15 1 1 0 1 7 1 504
block5 267 7 7 50 15 1 1 0 1 7 1 770
block5 276 1 9 400 15 1 1 0 1 1 1 638
block5 266 1 3 50 15 1 1 0 1 1 1 462
block5 270 1 9 50 15 1 1 0 1 1 1 656
block5 282 1 9 50 15 1 1 0 1 1 1 1218
block5 277 7 3 50 15 1 1 0 1 7 1 546
block5 280 1 7 50 15 1 1 0 1 1 1 950
block5 278 1 3 50 15 1 1 0 1 1 1 505
block5 281 7 9 50 15 1 1 0 1 7 1 940
block5 287 7 9 400 15 1 1 0 1 7 1 1499
block5 279 7 7 50 15 1 1 0 1 7 1 1513
block5 284 1 3 400 15 1 1 0 1 1 1 467
block5 283 7 3 400 15 1 1 0 1 7 1 1217
block5 286 1 7 400 15 1 1 0 1 1 1 1004
block5 288 1 9 400 15 1 1 0 1 1 1 1269
block5 285 7 7 400 15 1 1 0 1 7 1 966
block5 291 7 7 50 15 1 1 0 1 7 1 1005
block5 300 1 9 400 15 1 1 0 1 1 1 1967
block5 293 7 9 50 15 1 1 0 1 7 1 1466
block5 297 7 7 400 15 1 1 0 1 7 1 1349
block5 294 1 9 50 15 1 1 0 1 1 1 687
block5 298 1 7 400 15 1 1 0 1 1 1 733
block5 290 1 3 50 15 1 1 0 1 1 1 915
block5 289 7 3 50 15 1 1 0 1 7 1 534
block5 295 7 3 400 15 1 1 0 1 7 1 805
block5 296 1 3 400 15 1 1 0 1 1 1 482
block5 292 1 7 50 15 1 1 0 1 1 1 1130
block5 299 7 9 400 15 1 1 0 1 7 1 679
block5 312 1 9 400 15 1 1 0 1 1 1 916
block5 309 7 7 400 15 1 1 0 1 7 1 881
block5 310 1 7 400 15 1 1 0 1 1 1 883
block5 311 7 9 400 15 1 1 0 1 7 1 732
block5 307 7 3 400 15 1 1 0 1 7 1 508
block5 308 1 3 400 15 1 1 0 1 1 1 499
block5 301 7 3 50 15 1 1 0 1 7 1 501
block5 305 7 9 50 15 1 1 0 1 7 1 766
block5 302 1 3 50 15 1 1 0 1 1 1 952
block5 304 1 7 50 15 1 1 0 1 1 1 747
block5 303 7 7 50 15 1 1 0 1 7 1 1100
block5 306 1 9 50 15 1 1 0 1 1 1 798
block6 318 1 9 50 15 1 1 0 1 1 1 1189
block6 317 7 9 50 15 1 1 0 1 7 1 1656
block6 323 7 9 400 15 1 1 0 1 7 1 818
block6 320 1 3 400 15 1 1 0 1 1 1 442
block6 319 7 3 400 15 1 1 0 1 7 1 770
block6 314 1 3 50 15 1 1 0 1 1 1 555
block6 322 1 7 400 15 1 1 0 1 1 1 652
block6 315 7 7 50 15 1 1 0 1 7 1 677
block6 313 7 3 50 15 1 1 0 1 7 1 707
block6 321 7 7 400 15 1 1 0 1 7 1 669
block6 316 1 7 50 15 1 1 0 1 1 1 966
block6 324 1 9 400 15 1 1 0 1 1 1 1110
block6 330 1 9 50 15 1 1 0 1 1 1 1420
block6 329 7 9 50 15 1 1 0 1 7 1 740
block6 333 7 7 400 15 1 1 0 1 7 1 899
block6 334 1 7 400 15 1 1 0 1 1 1 603
block6 326 1 3 50 15 1 1 0 1 1 1 440
block6 331 7 3 400 15 1 1 0 1 7 1 714
block6 332 1 3 400 15 1 1 0 1 1 1 466
block6 325 7 3 50 15 1 1 0 1 7 1 447
block6 328 1 7 50 15 1 1 0 1 1 1 1201
block6 336 1 9 400 15 1 1 0 1 1 1 2360
block6 335 7 9 400 15 1 1 0 1 7 1 681
block6 327 7 7 50 15 1 1 0 1 7 1 513
block6 342 1 9 50 15 1 1 0 1 1 1 1204
block6 337 7 3 50 15 1 1 0 1 7 1 452
block6 341 7 9 50 15 1 1 0 1 7 1 646
block6 346 1 7 400 15 1 1 0 1 1 1 702
block6 340 1 7 50 15 1 1 0 1 1 1 737
block6 343 7 3 400 15 1 1 0 1 7 1 538
block6 339 7 7 50 15 1 1 0 1 7 1 707
block6 347 7 9 400 15 1 1 0 1 7 1 730
block6 338 1 3 50 15 1 1 0 1 1 1 774
block6 348 1 9 400 15 1 1 0 1 1 1 671
block6 344 1 3 400 15 1 1 0 1 1 1 522
block6 345 7 7 400 15 1 1 0 1 7 1 731
block6 359 7 9 400 15 1 1 0 1 7 1 1728
block6 352 1 7 50 15 1 1 0 1 1 1 764
block6 356 1 3 400 15 1 1 0 1 1 1 562
block6 354 1 9 50 15 1 1 0 1 1 1 775
block6 355 7 3 400 15 1 1 0 1 7 1 516
block6 360 1 9 400 15 1 1 0 1 1 1 690
block6 357 7 7 400 15 1 1 0 1 7 1 567
block6 350 1 3 50 15 1 1 0 1 1 1 452
block6 351 7 7 50 15 1 1 0 1 7 1 651
block6 353 7 9 50 15 1 1 0 1 7 1 1070
block6 358 1 7 400 15 1 1 0 1 1 1 414
block6 349 7 3 50 15 1 1 0 1 7 1 519
block6 368 1 3 400 15 1 1 0 1 1 1 467
block6 365 7 9 50 15 1 1 0 1 7 1 1229
block6 363 7 7 50 15 1 1 0 1 7 1 603
block6 369 7 7 400 15 1 1 0 1 7 1 728
block6 371 7 9 400 15 1 1 0 1 7 1 544
block6 372 1 9 400 15 1 1 0 1 1 1 2054
block6 366 1 9 50 15 1 1 0 1 1 1 724
block6 364 1 7 50 15 1 1 0 1 1 1 879
block6 370 1 7 400 15 1 1 0 1 1 1 910
block6 362 1 3 50 15 1 1 0 1 1 1 719
block6 361 7 3 50 15 1 1 0 1 7 1 541
block6 367 7 3 400 15 1 1 0 1 7 1 422
block7 373 7 3 50 15 1 1 0 1 7 1 404
block7 384 1 9 400 15 1 1 0 1 1 1 977
block7 377 7 9 50 15 1 1 0 1 7 1 1065
block7 374 1 3 50 15 1 1 0 1 1 1 524
block7 383 7 9 400 15 1 1 0 1 7 1 546
block7 375 7 7 50 15 1 1 0 1 7 1 791
block7 379 7 3 400 15 1 1 0 1 1 2 622
block7 381 7 7 400 15 1 1 0 1 7 1 576
block7 380 1 3 400 15 1 1 0 1 1 1 546
block7 382 1 7 400 15 1 1 0 1 1 1 991
block7 378 1 9 50 15 1 1 0 1 1 1 1293
block7 376 1 7 50 15 1 1 0 1 1 1 980
block7 396 1 9 400 15 1 1 0 1 1 1 1015
block7 393 7 7 400 15 1 1 0 1 7 1 986
block7 388 1 7 50 15 1 1 0 1 1 1 786
block7 394 1 7 400 15 1 1 0 1 1 1 576
block7 387 7 7 50 15 1 1 0 1 7 1 588
block7 392 1 3 400 15 1 1 0 1 1 1 433
block7 386 1 3 50 15 1 1 0 1 1 1 454
block7 391 7 3 400 15 1 1 0 1 7 1 445
block7 390 1 9 50 15 1 1 0 1 1 1 1328
block7 389 7 9 50 15 1 1 0 1 7 1 806
block7 385 7 3 50 15 1 1 0 1 7 1 489
block7 395 7 9 400 15 1 1 0 1 7 1 2022
block7 408 1 9 400 15 1 1 0 1 1 1 1023
block7 401 7 9 50 15 1 1 0 1 7 1 1091
block7 405 7 7 400 15 1 1 0 1 7 1 848
block7 402 1 9 50 15 1 1 0 1 1 1 1044
block7 400 1 7 50 15 1 1 0 1 1 1 1080
block7 404 1 3 400 15 1 1 0 1 1 1 488
block7 397 7 3 50 15 1 1 0 1 7 1 452
block7 407 7 9 400 15 1 1 0 1 7 1 749
block7 399 7 7 50 15 1 1 0 1 7 1 668
block7 406 1 7 400 15 1 1 0 1 1 1 1111
block7 398 1 3 50 15 1 1 0 1 1 1 547
block7 403 7 3 400 15 1 1 0 1 7 1 613
block7 414 1 9 50 15 1 1 0 1 1 1 1104
block7 416 1 3 400 15 1 1 0 1 1 1 511
block7 411 7 7 50 15 1 1 0 1 7 1 617
block7 412 1 7 50 15 1 1 0 1 1 1 624
block7 417 7 7 400 15 1 1 0 1 7 1 558
block7 420 1 9 400 15 1 1 0 1 1 1 1016
block7 415 7 3 400 15 1 1 0 1 7 1 866
block7 409 7 3 50 15 1 1 0 1 7 1 642
block7 410 1 3 50 15 1 1 0 1 1 1 550
block7 413 7 9 50 15 1 1 0 1 7 1 1465
block7 419 7 9 400 15 1 1 0 1 7 1 592
block7 418 1 7 400 15 1 1 0 1 1 1 589
block7 430 1 7 400 15 1 1 0 1 1 1 625
block7 424 1 7 50 15 1 1 0 1 1 1 785
block7 432 1 9 400 15 1 1 0 1 1 1 1185
block7 429 7 7 400 15 1 1 0 1 7 1 679
block7 421 7 3 50 15 1 1 0 1 7 1 817
block7 428 1 3 400 15 1 1 0 1 1 1 466
block7 426 1 9 50 15 1 1 0 1 1 1 1247
block7 427 7 3 400 15 1 1 0 1 7 1 801
block7 431 7 9 400 15 1 1 0 1 7 1 573
block7 423 7 7 50 15 1 1 0 1 7 1 760
block7 422 1 3 50 15 1 1 0 1 1 1 490
block7 425 7 9 50 15 1 1 0 1 7 1 946
block8 437 7 9 50 15 1 1 0 1 7 1 806
block8 443 7 9 400 15 1 1 0 1 7 1 558
block8 434 1 3 50 15 1 1 0 1 1 1 466
block8 444 1 9 400 15 1 1 0 1 1 1 808
block8 438 1 9 50 15 1 1 0 1 1 1 1320
block8 440 1 3 400 15 1 1 0 1 1 1 483
block8 435 7 7 50 15 1 1 0 1 1 2 861
block8 441 7 7 400 15 1 1 0 1 7 1 1000
block8 442 1 7 400 15 1 1 0 1 1 1 646
block8 436 1 7 50 15 1 1 0 1 1 1 1422
block8 433 7 3 50 15 1 1 0 1 7 1 418
block8 439 7 3 400 15 1 1 0 1 7 1 646
block8 452 1 3 400 15 1 1 0 1 1 1 480
block8 448 1 7 50 15 1 1 0 1 1 1 1136
block8 455 7 9 400 15 1 1 0 1 7 1 832
block8 446 1 3 50 15 1 1 0 1 1 1 705
block8 453 7 7 400 15 1 1 0 1 7 1 707
block8 445 7 3 50 15 1 1 0 1 7 1 441
block8 456 1 9 400 15 1 1 0 1 1 1 974
block8 451 7 3 400 15 1 1 0 1 7 1 469
block8 449 7 9 50 15 1 1 0 1 7 1 910
block8 454 1 7 400 15 1 1 0 1 1 1 697
block8 450 1 9 50 15 1 1 0 1 1 1 981
block8 447 7 7 50 15 1 1 0 1 7 1 780
block8 458 1 3 50 15 1 1 0 1 1 1 484
block8 466 1 7 400 15 1 1 0 1 1 1 881
block8 461 7 9 50 15 1 1 0 1 7 1 1041
block8 457 7 3 50 15 1 1 0 1 7 1 491
block8 462 1 9 50 15 1 1 0 1 1 1 1300
block8 468 1 9 400 15 1 1 0 1 1 1 852
block8 460 1 7 50 15 1 1 0 1 1 1 1321
block8 463 7 3 400 15 1 1 0 1 7 1 692
block8 464 1 3 400 15 1 1 0 1 1 1 530
block8 459 7 7 50 15 1 1 0 1 7 1 840
block8 465 7 7 400 15 1 1 0 1 7 1 607
block8 467 7 9 400 15 1 1 0 1 7 1 756
block8 475 7 3 400 15 1 1 0 1 7 1 519
block8 476 1 3 400 15 1 1 0 1 1 1 501
block8 477 7 7 400 15 1 1 0 1 7 1 842
block8 479 7 9 400 15 1 1 0 1 7 1 562
block8 473 7 9 50 15 1 1 0 1 7 1 689
block8 470 1 3 50 15 1 1 0 1 1 1 714
block8 474 1 9 50 15 1 1 0 1 1 1 982
block8 469 7 3 50 15 1 1 0 1 7 1 696
block8 472 1 7 50 15 1 1 0 1 1 1 654
block8 471 7 7 50 15 1 1 0 1 7 1 1046
block8 478 1 7 400 15 1 1 0 1 1 1 932
block8 480 1 9 400 15 1 1 0 1 1 1 1524
block8 484 1 7 50 15 1 1 0 1 1 1 853
block8 483 7 7 50 15 1 1 0 1 7 1 664
block8 490 1 7 400 15 1 1 0 1 1 1 522
block8 491 7 9 400 15 1 1 0 1 7 1 571
block8 485 7 9 50 15 1 1 0 1 7 1 1019
block8 492 1 9 400 15 1 1 0 1 1 1 1753
block8 482 1 3 50 15 1 1 0 1 1 1 471
block8 489 7 7 400 15 1 1 0 1 7 1 627
block8 488 1 3 400 15 1 1 0 1 1 1 484
block8 481 7 3 50 15 1 1 0 1 7 1 773
block8 486 1 9 50 15 1 1 0 1 1 1 846
block8 487 7 3 400 15 1 1 0 1 7 1 478
block9 501 7 7 400 15 1 1 0 1 1 2 639
block9 494 1 3 50 15 1 1 0 1 1 1 935
block9 495 7 7 50 15 1 1 0 1 7 1 968
block9 503 7 9 400 15 1 1 0 1 7 1 1972
block9 499 7 3 400 15 1 1 0 1 7 1 555
block9 500 1 3 400 15 1 1 0 1 1 1 516
block9 504 1 9 400 15 1 1 0 1 1 1 1275
block9 497 7 9 50 15 1 1 0 1 7 1 968
block9 493 7 3 50 15 1 1 0 1 7 1 439
block9 498 1 9 50 15 1 1 0 1 1 1 774
block9 502 1 7 400 15 1 1 0 1 7 2 1063
block9 496 1 7 50 15 1 1 0 1 1 1 1213
block9 510 1 9 50 15 1 1 0 1 1 1 972
block9 513 7 7 400 15 1 1 0 1 7 1 907
block9 505 7 3 50 15 1 1 0 1 7 1 832
block9 509 7 9 50 15 1 1 0 1 7 1 1523
block9 508 1 7 50 15 1 1 0 1 1 1 579
block9 515 7 9 400 15 1 1 0 1 7 1 837
block9 512 1 3 400 15 1 1 0 1 1 1 585
block9 511 7 3 400 15 1 1 0 1 7 1 557
block9 506 1 3 50 15 1 1 0 1 1 1 772
block9 507 7 7 50 15 1 1 0 1 7 1 974
block9 516 1 9 400 15 1 1 0 1 1 1 1164
block9 514 1 7 400 15 1 1 0 1 1 1 667
block9 519 7 7 50 15 1 1 0 1 7 1 819
block9 526 1 7 400 15 1 1 0 1 1 1 794
block9 522 1 9 50 15 1 1 0 1 1 1 1285
block9 524 1 3 400 15 1 1 0 1 1 1 563
block9 517 7 3 50 15 1 1 0 1 7 1 519
block9 527 7 9 400 15 1 1 0 1 7 1 699
block9 520 1 7 50 15 1 1 0 1 1 1 757
block9 521 7 9 50 15 1 1 0 1 7 1 540
block9 528 1 9 400 15 1 1 0 1 1 1 900
block9 518 1 3 50 15 1 1 0 1 1 1 578
block9 523 7 3 400 15 1 1 0 1 7 1 520
block9 525 7 7 400 15 1 1 0 1 7 1 554
block9 538 1 7 400 15 1 1 0 1 1 1 530
block9 531 7 7 50 15 1 1 0 1 7 1 778
block9 532 1 7 50 15 1 1 0 1 1 1 1126
block9 539 7 9 400 15 1 1 0 1 7 1 1573
block9 533 7 9 50 15 1 1 0 1 7 1 776
block9 530 1 3 50 15 1 1 0 1 1 1 497
block9 536 1 3 400 15 1 1 0 1 1 1 803
block9 534 1 9 50 15 1 1 0 1 1 1 755
block9 540 1 9 400 15 1 1 0 1 1 1 1491
block9 535 7 3 400 15 1 1 0 1 7 1 516
block9 537 7 7 400 15 1 1 0 1 7 1 788
block9 529 7 3 50 15 1 1 0 1 7 1 509
block9 551 7 9 400 15 1 1 0 1 7 1 742
block9 547 7 3 400 15 1 1 0 1 7 1 428
block9 542 1 3 50 15 1 1 0 1 1 1 475
block9 544 1 7 50 15 1 1 0 1 1 1 712
block9 545 7 9 50 15 1 1 0 1 7 1 940
block9 548 1 3 400 15 1 1 0 1 1 1 615
block9 552 1 9 400 15 1 1 0 1 1 1 1136
block9 541 7 3 50 15 1 1 0 1 7 1 508
block9 543 7 7 50 15 1 1 0 1 7 1 914
block9 549 7 7 400 15 1 1 0 1 7 1 704
block9 546 1 9 50 15 1 1 0 1 1 1 647
block9 550 1 7 400 15 1 1 0 1 1 1 708
block10 564 1 9 400 15 1 1 0 1 1 1 620
block10 556 1 7 50 15 1 1 0 1 1 1 482
block10 558 1 9 50 15 1 1 0 1 1 1 591
block10 559 7 3 400 15 1 1 0 1 7 1 459
block10 560 1 3 400 15 1 1 0 1 1 1 488
block10 555 7 7 50 15 1 1 0 1 7 1 620
block10 561 7 7 400 15 1 1 0 1 7 1 747
block10 557 7 9 50 15 1 1 0 1 7 1 806
block10 553 7 3 50 15 1 1 0 1 7 1 573
block10 563 7 9 400 15 1 1 0 1 7 1 1262
block10 554 1 3 50 15 1 1 0 1 1 1 568
block10 562 1 7 400 15 1 1 0 1 1 1 763
block10 575 7 9 400 15 1 1 0 1 7 1 1308
block10 570 1 9 50 15 1 1 0 1 1 1 1124
block10 567 7 7 50 15 1 1 0 1 7 1 1061
block10 574 1 7 400 15 1 1 0 1 1 1 689
block10 571 7 3 400 15 1 1 0 1 7 1 653
block10 569 7 9 50 15 1 1 0 1 7 1 798
block10 572 1 3 400 15 1 1 0 1 1 1 499
block10 576 1 9 400 15 1 1 0 1 1 1 745
block10 573 7 7 400 15 1 1 0 1 7 1 744
block10 566 1 3 50 15 1 1 0 1 1 1 462
block10 568 1 7 50 15 1 1 0 1 1 1 1198
block10 565 7 3 50 15 1 1 0 1 1 2 664
block10 580 1 7 50 15 1 1 0 1 1 1 766
block10 586 1 7 400 15 1 1 0 1 1 1 1195
block10 578 1 3 50 15 1 1 0 1 1 1 654
block10 579 7 7 50 15 1 1 0 1 7 1 645
block10 583 7 3 400 15 1 1 0 1 7 1 464
block10 588 1 9 400 15 1 1 0 1 1 1 1153
block10 577 7 3 50 15 1 1 0 1 7 1 620
block10 582 1 9 50 15 1 1 0 1 1 1 760
block10 587 7 9 400 15 1 1 0 1 7 1 911
block10 585 7 7 400 15 1 1 0 1 7 1 779
block10 581 7 9 50 15 1 1 0 1 7 1 889
block10 584 1 3 400 15 1 1 0 1 1 1 806
block10 598 1 7 400 15 1 1 0 1 1 1 641
block10 592 1 7 50 15 1 1 0 1 1 1 637
block10 599 7 9 400 15 1 1 0 1 7 1 1006
block10 595 7 3 400 15 1 1 0 1 7 1 430
block10 600 1 9 400 15 1 1 0 1 1 1 703
block10 590 1 3 50 15 1 1 0 1 1 1 479
block10 596 1 3 400 15 1 1 0 1 1 1 540
block10 593 7 9 50 15 1 1 0 1 7 1 836
block10 591 7 7 50 15 1 1 0 1 7 1 591
block10 589 7 3 50 15 1 1 0 1 7 1 494
block10 594 1 9 50 15 1 1 0 1 1 1 1306
block10 597 7 7 400 15 1 1 0 1 7 1 1048
block10 607 7 3 400 15 1 1 0 1 7 1 475
block10 608 1 3 400 15 1 1 0 1 1 1 504
block10 610 1 7 400 15 1 1 0 1 1 1 1021
block10 606 1 9 50 15 1 1 0 1 1 1 1090
block10 601 7 3 50 15 1 1 0 1 7 1 427
block10 605 7 9 50 15 1 1 0 1 7 1 785
block10 602 1 3 50 15 1 1 0 1 1 1 434
block10 603 7 7 50 15 1 1 0 1 7 1 725
block10 611 7 9 400 15 1 1 0 1 7 1 909
block10 609 7 7 400 15 1 1 0 1 7 1 701
block10 612 1 9 400 15 1 1 0 1 1 1 691
block10 604 1 7 50 15 1 1 0 1 1 1 1172
