blockName counter targetLR setSize isi cueUcOrLc congr competing preivewOrNot keyPressed keyStatus rt NA
prc 5 7 9 50 13 1 1 0 1 7 1 651
prc 8 1 3 400 8 1 1 0 1 1 1 486
prc 4 1 7 50 24 1 1 0 1 1 1 1576
prc 1 7 3 50 21 1 1 0 1 7 1 555
prc 9 7 7 400 14 1 1 0 1 7 1 1183
prc 11 7 9 400 20 1 1 0 1 7 1 811
prc 3 7 7 50 11 1 1 0 1 7 1 672
prc 10 1 7 400 17 1 1 0 1 1 1 495
prc 12 1 9 400 25 1 1 0 1 1 1 979
prc 2 1 3 50 9 1 1 0 1 1 1 441
prc 6 1 9 50 8 1 1 0 1 1 1 731
prc 7 7 3 400 11 1 1 0 1 7 1 399
block1 23 7 9 400 14 1 1 0 1 7 1 1154
block1 19 7 3 400 17 1 1 0 1 7 1 458
block1 13 7 3 50 9 1 1 0 1 7 1 439
block1 17 7 9 50 8 1 1 0 1 7 1 478
block1 22 1 7 400 24 1 1 0 1 1 1 658
block1 14 1 3 50 17 1 1 0 1 1 1 433
block1 21 7 7 400 21 1 1 0 1 7 1 538
block1 20 1 3 400 8 1 1 0 1 1 1 596
block1 18 1 9 50 9 1 1 0 1 1 1 586
block1 15 7 7 50 21 1 1 0 1 7 1 1067
block1 16 1 7 50 25 1 1 0 1 1 1 796
block1 24 1 9 400 17 1 1 0 1 1 1 864
block1 32 1 3 400 13 1 1 0 1 1 1 414
block1 34 1 7 400 12 1 1 0 1 1 1 544
block1 35 7 9 400 17 1 1 0 1 7 1 481
block1 28 1 7 50 9 1 1 0 1 1 1 516
block1 33 7 7 400 9 1 1 0 1 7 1 721
block1 31 7 3 400 13 1 1 0 1 7 1 539
block1 26 1 3 50 13 1 1 0 1 1 1 453
block1 30 1 9 50 20 1 1 0 1 1 1 785
block1 29 7 9 50 21 1 1 0 1 7 1 990
block1 25 7 3 50 27 1 1 0 1 7 1 377
block1 36 1 9 400 11 1 1 0 1 1 1 668
block1 27 7 7 50 27 1 1 0 1 7 1 418
block1 42 1 9 50 11 1 1 0 1 1 1 747
block1 39 7 7 50 24 1 1 0 1 7 1 579
block1 47 7 9 400 27 1 1 0 1 7 1 904
block1 44 1 3 400 24 1 1 0 1 1 1 562
block1 45 7 7 400 15 1 1 0 1 7 1 571
block1 37 7 3 50 15 1 1 0 1 7 1 371
block1 40 1 7 50 24 1 1 0 1 1 1 526
block1 38 1 3 50 25 1 1 0 1 1 1 499
block1 41 7 9 50 17 1 1 0 1 7 1 450
block1 46 1 7 400 11 1 1 0 1 1 1 883
block1 48 1 9 400 25 1 1 0 1 1 1 947
block1 43 7 3 400 9 1 1 0 1 7 1 438
block1 57 7 7 400 14 1 1 0 1 7 1 464
block1 52 1 7 50 13 1 1 0 1 1 1 548
block1 49 7 3 50 24 1 1 0 1 7 1 377
block1 53 7 9 50 8 1 1 0 1 7 1 788
block1 54 1 9 50 20 1 1 0 1 1 1 707
block1 50 1 3 50 27 1 1 0 1 1 1 377
block1 60 1 9 400 8 1 1 0 1 1 1 664
block1 51 7 7 50 13 1 1 0 1 7 1 430
block1 56 1 3 400 27 1 1 0 1 1 1 407
block1 55 7 3 400 24 1 1 0 1 7 1 373
block1 58 1 7 400 21 1 1 0 1 1 1 595
block1 59 7 9 400 24 1 1 0 1 7 1 722
block1 63 7 7 50 14 1 1 0 1 7 1 455
block1 62 1 3 50 14 1 1 0 1 1 1 598
block1 66 1 9 50 15 1 1 0 1 1 1 872
block1 71 7 9 400 13 1 1 0 1 7 1 736
block1 65 7 9 50 13 1 1 0 1 7 1 594
block1 64 1 7 50 17 1 1 0 1 1 1 1593
block1 70 1 7 400 8 1 1 0 1 1 1 834
block1 72 1 9 400 25 1 1 0 1 1 1 1726
block1 61 7 3 50 15 1 1 0 1 7 1 318
block1 67 7 3 400 25 1 1 0 1 7 1 363
block1 69 7 7 400 21 1 1 0 1 7 1 536
block1 68 1 3 400 17 1 1 0 1 1 1 442
block2 73 7 3 50 17 1 1 0 1 7 1 334
block2 75 7 7 50 8 1 1 0 1 7 1 740
block2 82 1 7 400 11 1 1 0 1 1 1 459
block2 80 1 3 400 8 1 1 0 1 1 1 639
block2 83 7 9 400 14 1 1 0 1 7 1 505
block2 78 1 9 50 14 1 1 0 1 1 1 925
block2 76 1 7 50 14 1 1 0 1 1 1 515
block2 77 7 9 50 25 1 1 0 1 7 1 819
block2 81 7 7 400 25 1 1 0 1 7 1 409
block2 74 1 3 50 21 1 1 0 1 1 1 409
block2 84 1 9 400 20 1 1 0 1 1 1 497
block2 79 7 3 400 11 1 1 0 1 7 1 340
block2 94 1 7 400 24 1 1 0 1 1 1 623
block2 92 1 3 400 8 1 1 0 1 1 1 385
block2 90 1 9 50 15 1 1 0 1 1 1 1931
block2 87 7 7 50 17 1 1 0 1 7 1 473
block2 86 1 3 50 15 1 1 0 1 1 1 416
block2 89 7 9 50 27 1 1 0 1 7 1 456
block2 95 7 9 400 11 1 1 0 1 7 1 480
block2 85 7 3 50 14 1 1 0 1 7 1 434
block2 91 7 3 400 15 1 1 0 1 7 1 388
block2 96 1 9 400 13 1 1 0 1 1 1 1051
block2 93 7 7 400 15 1 1 0 1 7 1 440
block2 88 1 7 50 25 1 1 0 1 1 1 785
block2 107 7 9 400 14 1 1 0 1 7 1 370
block2 103 7 3 400 15 1 1 0 1 7 1 307
block2 105 7 7 400 8 1 1 0 1 7 1 409
block2 106 1 7 400 15 1 1 0 1 1 1 412
block2 98 1 3 50 21 1 1 0 1 1 1 397
block2 97 7 3 50 12 1 1 0 1 7 1 337
block2 101 7 9 50 15 1 1 0 1 7 1 742
block2 108 1 9 400 27 1 1 0 1 1 1 642
block2 102 1 9 50 9 1 1 0 1 1 1 433
block2 99 7 7 50 12 1 1 0 1 7 1 386
block2 104 1 3 400 25 1 1 0 1 1 1 374
block2 100 1 7 50 8 1 1 0 1 1 1 643
block2 113 7 9 50 13 1 1 0 1 7 1 753
block2 120 1 9 400 15 1 1 0 1 7 2 1413
block2 119 7 9 400 24 1 1 0 1 7 1 807
block2 118 1 7 400 17 1 1 0 1 1 1 380
block2 109 7 3 50 27 1 1 0 1 7 1 350
block2 115 7 3 400 17 1 1 0 1 7 1 373
block2 111 7 7 50 13 1 1 0 1 7 1 475
block2 110 1 3 50 21 1 1 0 1 1 1 152
block2 114 1 9 50 17 1 1 0 1 7 2 481
block2 116 1 3 400 14 1 1 0 1 1 1 510
block2 117 7 7 400 21 1 1 0 1 7 1 763
block2 112 1 7 50 9 1 1 0 1 1 1 620
block2 131 7 9 400 14 1 1 0 1 7 1 589
block2 132 1 9 400 11 1 1 0 1 1 1 468
block2 126 1 9 50 8 1 1 0 1 1 1 747
block2 124 1 7 50 25 1 1 0 1 1 1 795
block2 125 7 9 50 27 1 1 0 1 7 1 622
block2 128 1 3 400 25 1 1 0 1 1 1 489
block2 130 1 7 400 20 1 1 0 1 1 1 697
block2 127 7 3 400 14 1 1 0 1 7 1 415
block2 123 7 7 50 12 1 1 0 1 7 1 749
block2 121 7 3 50 11 1 1 0 1 7 1 455
block2 129 7 7 400 20 1 1 0 1 7 1 433
block2 122 1 3 50 13 1 1 0 1 1 1 442
block3 137 7 9 50 13 1 1 0 1 7 1 769
block3 144 1 9 400 25 1 1 0 1 1 1 761
block3 133 7 3 50 27 1 1 0 1 7 1 403
block3 136 1 7 50 25 1 1 0 1 1 1 972
block3 139 7 3 400 14 1 1 0 1 7 1 344
block3 134 1 3 50 27 1 1 0 1 1 1 436
block3 138 1 9 50 14 1 1 0 1 1 1 895
block3 141 7 7 400 21 1 1 0 1 7 1 447
block3 143 7 9 400 21 1 1 0 1 7 1 695
block3 140 1 3 400 14 1 1 0 1 1 1 436
block3 142 1 7 400 11 1 1 0 1 1 1 548
block3 135 7 7 50 8 1 1 0 1 7 1 398
block3 152 1 3 400 11 1 1 0 1 1 1 436
block3 147 7 7 50 15 1 1 0 1 7 1 585
block3 154 1 7 400 8 1 1 0 1 1 1 947
block3 146 1 3 50 25 1 1 0 1 1 1 394
block3 151 7 3 400 17 1 1 0 1 7 1 389
block3 145 7 3 50 8 1 1 0 1 7 1 330
block3 150 1 9 50 25 1 1 0 1 1 1 510
block3 155 7 9 400 9 1 1 0 1 7 1 429
block3 148 1 7 50 24 1 1 0 1 1 1 763
block3 153 7 7 400 14 1 1 0 1 7 1 312
block3 149 7 9 50 8 1 1 0 1 7 1 738
block3 156 1 9 400 27 1 1 0 1 1 1 384
block3 163 7 3 400 25 1 1 0 1 7 1 284
block3 159 7 7 50 15 1 1 0 1 7 1 573
block3 157 7 3 50 24 1 1 0 1 7 1 396
block3 158 1 3 50 25 1 1 0 1 1 1 418
block3 164 1 3 400 13 1 1 0 1 1 1 486
block3 167 7 9 400 12 1 1 0 1 7 1 351
block3 162 1 9 50 24 1 1 0 1 7 2 1083
block3 160 1 7 50 21 1 1 0 1 1 1 495
block3 161 7 9 50 17 1 1 0 1 7 1 428
block3 165 7 7 400 12 1 1 0 1 7 1 506
block3 166 1 7 400 13 1 1 0 1 1 1 800
block3 168 1 9 400 27 1 1 0 1 1 1 634
block3 178 1 7 400 13 1 1 0 1 1 1 498
block3 169 7 3 50 21 1 1 0 1 7 1 447
block3 180 1 9 400 14 1 1 0 1 1 1 541
block3 177 7 7 400 24 1 1 0 1 7 1 472
block3 179 7 9 400 14 1 1 0 1 7 1 604
block3 174 1 9 50 24 1 1 0 1 1 1 1318
block3 172 1 7 50 24 1 1 0 1 1 1 662
block3 171 7 7 50 15 1 1 0 1 7 1 439
block3 173 7 9 50 27 1 1 0 1 7 1 489
block3 176 1 3 400 14 1 1 0 1 1 1 433
block3 175 7 3 400 12 1 1 0 1 7 1 434
block3 170 1 3 50 15 1 1 0 1 1 1 381
block3 186 1 9 50 11 1 1 0 1 1 1 763
block3 184 1 7 50 20 1 1 0 1 1 1 570
block3 182 1 3 50 17 1 1 0 1 1 1 421
block3 191 7 9 400 17 1 1 0 1 7 1 555
block3 183 7 7 50 13 1 1 0 1 7 1 565
block3 190 1 7 400 25 1 1 0 1 1 1 618
block3 185 7 9 50 17 1 1 0 1 7 1 384
block3 187 7 3 400 8 1 1 0 1 7 1 467
block3 189 7 7 400 25 1 1 0 1 7 1 831
block3 188 1 3 400 9 1 1 0 1 1 1 386
block3 181 7 3 50 24 1 1 0 1 7 1 531
block3 192 1 9 400 12 1 1 0 1 1 1 1063
block4 195 7 7 50 14 1 1 0 1 7 1 497
block4 198 1 9 50 8 1 1 0 1 1 1 737
block4 200 1 3 400 11 1 1 0 1 1 1 373
block4 197 7 9 50 20 1 1 0 1 7 1 504
block4 202 1 7 400 11 1 1 0 1 1 1 528
block4 199 7 3 400 14 1 1 0 1 7 1 358
block4 196 1 7 50 11 1 1 0 1 1 1 418
block4 201 7 7 400 8 1 1 0 1 7 1 360
block4 193 7 3 50 15 1 1 0 1 7 1 408
block4 204 1 9 400 20 1 1 0 1 1 1 498
block4 194 1 3 50 11 1 1 0 1 1 1 389
block4 203 7 9 400 12 1 1 0 1 1 2 622
block4 211 7 3 400 20 1 1 0 1 7 1 406
block4 214 1 7 400 17 1 1 0 1 1 1 496
block4 207 7 7 50 24 1 1 0 1 7 1 680
block4 206 1 3 50 24 1 1 0 1 1 1 727
block4 215 7 9 400 9 1 1 0 1 7 1 500
block4 208 1 7 50 20 1 1 0 1 1 1 458
block4 210 1 9 50 11 1 1 0 1 1 1 710
block4 205 7 3 50 17 1 1 0 1 7 1 436
block4 212 1 3 400 8 1 1 0 1 1 1 474
block4 213 7 7 400 21 1 1 0 1 7 1 862
block4 216 1 9 400 20 1 1 0 1 1 1 500
block4 209 7 9 50 15 1 1 0 1 7 1 753
block4 219 7 7 50 12 1 1 0 1 7 1 568
block4 222 1 9 50 9 1 1 0 1 1 1 565
block4 226 1 7 400 11 1 1 0 1 1 1 437
block4 228 1 9 400 20 1 1 0 1 1 1 533
block4 224 1 3 400 17 1 1 0 1 1 1 508
block4 223 7 3 400 27 1 1 0 1 7 1 365
block4 220 1 7 50 21 1 1 0 1 1 1 617
block4 217 7 3 50 17 1 1 0 1 7 1 388
block4 218 1 3 50 24 1 1 0 1 1 1 505
block4 225 7 7 400 8 1 1 0 1 7 1 727
block4 221 7 9 50 21 1 1 0 1 7 1 1067
block4 227 7 9 400 13 1 1 0 1 7 1 1036
block4 230 1 3 50 11 1 1 0 1 1 1 459
block4 234 1 9 50 17 1 1 0 1 1 1 735
block4 237 7 7 400 8 1 1 0 1 7 1 617
block4 229 7 3 50 27 1 1 0 1 7 1 371
block4 239 7 9 400 9 1 1 0 1 7 1 851
block4 235 7 3 400 17 1 1 0 1 7 1 534
block4 232 1 7 50 14 1 1 0 1 1 1 543
block4 240 1 9 400 14 1 1 0 1 1 1 831
block4 231 7 7 50 8 1 1 0 1 7 1 557
block4 238 1 7 400 24 1 1 0 1 1 1 905
block4 233 7 9 50 15 1 1 0 1 7 1 708
block4 236 1 3 400 12 1 1 0 1 1 1 395
block4 250 1 7 400 13 1 1 0 1 1 1 825
block4 252 1 9 400 12 1 1 0 1 1 1 693
block4 244 1 7 50 9 1 1 0 1 1 1 616
block4 247 7 3 400 17 1 1 0 1 7 1 481
block4 248 1 3 400 21 1 1 0 1 1 1 421
block4 241 7 3 50 9 1 1 0 1 7 1 413
block4 243 7 7 50 11 1 1 0 1 7 1 636
block4 245 7 9 50 8 1 1 0 1 7 1 482
block4 249 7 7 400 14 1 1 0 1 7 1 661
block4 251 7 9 400 27 1 1 0 1 7 1 772
block4 246 1 9 50 12 1 1 0 1 1 1 730
block4 242 1 3 50 25 1 1 0 1 1 1 505
block5 259 7 3 400 8 1 1 0 1 7 1 412
block5 254 1 3 50 27 1 1 0 1 1 1 493
block5 256 1 7 50 13 1 1 0 1 1 1 941
block5 255 7 7 50 25 1 1 0 1 7 1 517
block5 263 7 9 400 27 1 1 0 1 7 1 495
block5 264 1 9 400 11 1 1 0 1 1 1 606
block5 260 1 3 400 21 1 1 0 1 1 1 424
block5 257 7 9 50 25 1 1 0 1 7 1 524
block5 261 7 7 400 8 1 1 0 1 7 1 651
block5 258 1 9 50 8 1 1 0 1 1 1 750
block5 262 1 7 400 20 1 1 0 1 1 1 651
block5 253 7 3 50 17 1 1 0 1 7 1 409
block5 272 1 3 400 27 1 1 0 1 1 1 424
block5 265 7 3 50 8 1 1 0 1 7 1 369
block5 276 1 9 400 8 1 1 0 1 1 1 630
block5 274 1 7 400 21 1 1 0 1 1 1 594
block5 271 7 3 400 15 1 1 0 1 7 1 379
block5 273 7 7 400 21 1 1 0 1 7 1 470
block5 270 1 9 50 27 1 1 0 1 1 1 494
block5 267 7 7 50 14 1 1 0 1 7 1 616
block5 275 7 9 400 15 1 1 0 1 7 1 619
block5 266 1 3 50 14 1 1 0 1 1 1 482
block5 268 1 7 50 24 1 1 0 1 1 1 845
block5 269 7 9 50 17 1 1 0 1 7 1 520
block5 288 1 9 400 25 1 1 0 1 1 1 1000
block5 287 7 9 400 12 1 1 0 1 7 1 1074
block5 286 1 7 400 25 1 1 0 1 1 1 941
block5 278 1 3 50 20 1 1 0 1 1 1 470
block5 280 1 7 50 14 1 1 0 1 1 1 407
block5 283 7 3 400 15 1 1 0 1 7 1 576
block5 281 7 9 50 14 1 1 0 1 7 1 1159
block5 277 7 3 50 17 1 1 0 1 7 1 358
block5 284 1 3 400 20 1 1 0 1 1 1 541
block5 282 1 9 50 12 1 1 0 1 1 1 528
block5 285 7 7 400 20 1 1 0 1 7 1 415
block5 279 7 7 50 21 1 1 0 1 7 1 400
block5 292 1 7 50 9 1 1 0 1 1 1 384
block5 293 7 9 50 13 1 1 0 1 7 1 431
block5 299 7 9 400 9 1 1 0 1 7 1 417
block5 298 1 7 400 12 1 1 0 1 1 1 466
block5 297 7 7 400 24 1 1 0 1 7 1 722
block5 291 7 7 50 20 1 1 0 1 1 2 414
block5 295 7 3 400 13 1 1 0 1 7 1 472
block5 300 1 9 400 14 1 1 0 1 1 1 660
block5 289 7 3 50 15 1 1 0 1 7 1 360
block5 296 1 3 400 14 1 1 0 1 1 1 491
block5 294 1 9 50 14 1 1 0 1 1 1 806
block5 290 1 3 50 13 1 1 0 1 1 1 439
block5 311 7 9 400 11 1 1 0 1 7 1 739
block5 304 1 7 50 14 1 1 0 1 1 1 491
block5 301 7 3 50 21 1 1 0 1 7 1 358
block5 303 7 7 50 27 1 1 0 1 7 1 411
block5 312 1 9 400 15 1 1 0 1 1 1 647
block5 308 1 3 400 20 1 1 0 1 1 1 411
block5 307 7 3 400 20 1 1 0 1 7 1 496
block5 310 1 7 400 17 1 1 0 1 1 1 403
block5 309 7 7 400 8 1 1 0 1 7 1 524
block5 305 7 9 50 15 1 1 0 1 7 1 709
block5 302 1 3 50 21 1 1 0 1 1 1 429
block5 306 1 9 50 11 1 1 0 1 1 1 937
block6 314 1 3 50 24 1 1 0 1 1 1 483
block6 318 1 9 50 15 1 1 0 1 1 1 725
block6 316 1 7 50 13 1 1 0 1 1 1 984
block6 320 1 3 400 8 1 1 0 1 1 1 401
block6 321 7 7 400 20 1 1 0 1 7 1 375
block6 323 7 9 400 12 1 1 0 1 7 1 548
block6 317 7 9 50 25 1 1 0 1 7 1 472
block6 322 1 7 400 25 1 1 0 1 1 1 827
block6 319 7 3 400 12 1 1 0 1 7 1 520
block6 324 1 9 400 11 1 1 0 1 1 1 443
block6 313 7 3 50 15 1 1 0 1 7 1 404
block6 315 7 7 50 25 1 1 0 1 7 1 555
block6 334 1 7 400 8 1 1 0 1 1 1 485
block6 335 7 9 400 13 1 1 0 1 7 1 471
block6 333 7 7 400 17 1 1 0 1 7 1 419
block6 327 7 7 50 12 1 1 0 1 7 1 389
block6 332 1 3 400 9 1 1 0 1 1 1 454
block6 336 1 9 400 15 1 1 0 1 1 1 690
block6 330 1 9 50 17 1 1 0 1 1 1 532
block6 325 7 3 50 14 1 1 0 1 7 1 667
block6 328 1 7 50 14 1 1 0 1 1 1 512
block6 331 7 3 400 13 1 1 0 1 7 1 423
block6 326 1 3 50 27 1 1 0 1 1 1 422
block6 329 7 9 50 15 1 1 0 1 7 1 434
block6 343 7 3 400 11 1 1 0 1 7 1 425
block6 339 7 7 50 11 1 1 0 1 7 1 471
block6 341 7 9 50 24 1 1 0 1 7 1 558
block6 345 7 7 400 11 1 1 0 1 7 1 348
block6 344 1 3 400 21 1 1 0 1 1 1 572
block6 347 7 9 400 24 1 1 0 1 7 1 518
block6 348 1 9 400 11 1 1 0 1 1 1 670
block6 338 1 3 50 8 1 1 0 1 1 1 444
block6 346 1 7 400 21 1 1 0 1 1 1 590
block6 337 7 3 50 14 1 1 0 1 7 1 473
block6 342 1 9 50 15 1 1 0 1 1 1 422
block6 340 1 7 50 9 1 1 0 1 1 1 550
block6 357 7 7 400 17 1 1 0 1 7 1 516
block6 350 1 3 50 14 1 1 0 1 1 1 493
block6 355 7 3 400 17 1 1 0 1 7 1 357
block6 349 7 3 50 15 1 1 0 1 1 2 558
block6 359 7 9 400 13 1 1 0 1 7 1 918
block6 360 1 9 400 27 1 1 0 1 1 1 492
block6 352 1 7 50 8 1 1 0 1 1 1 418
block6 354 1 9 50 13 1 1 0 1 1 1 872
block6 353 7 9 50 17 1 1 0 1 7 1 437
block6 356 1 3 400 24 1 1 0 1 1 1 567
block6 358 1 7 400 12 1 1 0 1 1 1 399
block6 351 7 7 50 24 1 1 0 1 7 1 477
block6 372 1 9 400 27 1 1 0 1 1 1 326
block6 370 1 7 400 15 1 1 0 1 1 1 598
block6 362 1 3 50 8 1 1 0 1 1 1 449
block6 371 7 9 400 8 1 1 0 1 7 1 946
block6 361 7 3 50 13 1 1 0 1 7 1 433
block6 363 7 7 50 21 1 1 0 1 7 1 835
block6 367 7 3 400 11 1 1 0 1 7 1 359
block6 366 1 9 50 24 1 1 0 1 1 1 717
block6 369 7 7 400 8 1 1 0 1 7 1 376
block6 364 1 7 50 11 1 1 0 1 1 1 427
block6 365 7 9 50 11 1 1 0 1 7 1 609
block6 368 1 3 400 9 1 1 0 1 1 1 593
block7 377 7 9 50 27 1 1 0 1 7 1 439
block7 378 1 9 50 11 1 1 0 1 1 1 431
block7 376 1 7 50 24 1 1 0 1 1 1 359
block7 375 7 7 50 11 1 1 0 1 7 1 404
block7 381 7 7 400 11 1 1 0 1 7 1 572
block7 384 1 9 400 15 1 1 0 1 7 2 559
block7 380 1 3 400 14 1 1 0 1 1 1 421
block7 373 7 3 50 9 1 1 0 1 7 1 332
block7 379 7 3 400 8 1 1 0 1 7 1 404
block7 382 1 7 400 15 1 1 0 1 1 1 418
block7 383 7 9 400 13 1 1 0 1 7 1 754
block7 374 1 3 50 27 1 1 0 1 1 1 567
block7 390 1 9 50 20 1 1 0 1 1 1 599
block7 386 1 3 50 27 1 1 0 1 1 1 417
block7 391 7 3 400 20 1 1 0 1 7 1 379
block7 389 7 9 50 17 1 1 0 1 7 1 489
block7 395 7 9 400 14 1 1 0 1 7 1 623
block7 392 1 3 400 14 1 1 0 1 1 1 458
block7 393 7 7 400 25 1 1 0 1 7 1 794
block7 396 1 9 400 21 1 1 0 1 1 1 598
block7 388 1 7 50 12 1 1 0 1 1 1 1100
block7 394 1 7 400 11 1 1 0 1 1 1 627
block7 387 7 7 50 14 1 1 0 1 1 2 910
block7 385 7 3 50 17 1 1 0 1 7 1 338
block7 402 1 9 50 24 1 1 0 1 1 1 712
block7 399 7 7 50 20 1 1 0 1 7 1 434
block7 406 1 7 400 9 1 1 0 1 1 1 459
block7 398 1 3 50 11 1 1 0 1 1 1 372
block7 401 7 9 50 25 1 1 0 1 7 1 437
block7 408 1 9 400 17 1 1 0 1 1 1 446
block7 407 7 9 400 17 1 1 0 1 7 1 428
block7 400 1 7 50 12 1 1 0 1 1 1 636
block7 403 7 3 400 24 1 1 0 1 7 1 529
block7 405 7 7 400 9 1 1 0 1 7 1 402
block7 397 7 3 50 27 1 1 0 1 7 1 351
block7 404 1 3 400 12 1 1 0 1 1 1 499
block7 419 7 9 400 27 1 1 0 1 7 1 385
block7 416 1 3 400 14 1 1 0 1 1 1 406
block7 411 7 7 50 11 1 1 0 1 7 1 407
block7 420 1 9 400 21 1 1 0 1 1 1 549
block7 417 7 7 400 8 1 1 0 1 7 1 798
block7 415 7 3 400 13 1 1 0 1 7 1 476
block7 409 7 3 50 12 1 1 0 1 7 1 527
block7 418 1 7 400 8 1 1 0 1 1 1 493
block7 410 1 3 50 24 1 1 0 1 1 1 539
block7 412 1 7 50 14 1 1 0 1 1 1 767
block7 414 1 9 50 20 1 1 0 1 1 1 487
block7 413 7 9 50 21 1 1 0 1 7 1 708
block7 428 1 3 400 8 1 1 0 1 1 1 400
block7 421 7 3 50 14 1 1 0 1 7 1 509
block7 431 7 9 400 27 1 1 0 1 7 1 550
block7 422 1 3 50 11 1 1 0 1 1 1 403
block7 425 7 9 50 24 1 1 0 1 7 1 629
block7 432 1 9 400 9 1 1 0 1 1 1 408
block7 430 1 7 400 15 1 1 0 1 1 1 515
block7 423 7 7 50 14 1 1 0 1 7 1 538
block7 429 7 7 400 8 1 1 0 1 7 1 444
block7 424 1 7 50 14 1 1 0 1 1 1 727
block7 426 1 9 50 9 1 1 0 1 7 2 564
block7 427 7 3 400 21 1 1 0 1 7 1 356
block8 435 7 7 50 17 1 1 0 1 7 1 437
block8 433 7 3 50 11 1 1 0 1 7 1 413
block8 444 1 9 400 12 1 1 0 1 1 1 537
block8 438 1 9 50 17 1 1 0 1 1 1 435
block8 440 1 3 400 8 1 1 0 1 1 1 501
block8 443 7 9 400 27 1 1 0 1 7 1 479
block8 439 7 3 400 17 1 1 0 1 7 1 309
block8 441 7 7 400 12 1 1 0 1 7 1 864
block8 434 1 3 50 9 1 1 0 1 1 1 374
block8 436 1 7 50 21 1 1 0 1 1 1 488
block8 437 7 9 50 15 1 1 0 1 7 1 502
block8 442 1 7 400 13 1 1 0 1 1 1 631
block8 446 1 3 50 20 1 1 0 1 1 1 743
block8 451 7 3 400 20 1 1 0 1 7 1 504
block8 447 7 7 50 14 1 1 0 1 7 1 414
block8 449 7 9 50 8 1 1 0 1 7 1 656
block8 450 1 9 50 13 1 1 0 1 1 1 735
block8 452 1 3 400 25 1 1 0 1 1 1 507
block8 455 7 9 400 11 1 1 0 1 7 1 719
block8 453 7 7 400 24 1 1 0 1 7 1 583
block8 456 1 9 400 8 1 1 0 1 1 1 602
block8 448 1 7 50 9 1 1 0 1 1 1 559
block8 454 1 7 400 21 1 1 0 1 1 1 471
block8 445 7 3 50 11 1 1 0 1 7 1 361
block8 459 7 7 50 17 1 1 0 1 7 1 654
block8 467 7 9 400 13 1 1 0 1 7 1 899
block8 460 1 7 50 12 1 1 0 1 1 1 526
block8 463 7 3 400 8 1 1 0 1 7 1 347
block8 462 1 9 50 15 1 1 0 1 1 1 486
block8 465 7 7 400 14 1 1 0 1 7 1 628
block8 464 1 3 400 8 1 1 0 1 1 1 497
block8 461 7 9 50 25 1 1 0 1 7 1 717
block8 468 1 9 400 25 1 1 0 1 1 1 938
block8 458 1 3 50 27 1 1 0 1 1 1 432
block8 466 1 7 400 20 1 1 0 1 1 1 352
block8 457 7 3 50 14 1 1 0 1 7 1 420
block8 472 1 7 50 9 1 1 0 1 1 1 382
block8 470 1 3 50 13 1 1 0 1 1 1 533
block8 478 1 7 400 13 1 1 0 1 1 1 740
block8 469 7 3 50 27 1 1 0 1 7 1 407
block8 477 7 7 400 17 1 1 0 1 7 1 321
block8 479 7 9 400 25 1 1 0 1 7 1 1346
block8 471 7 7 50 27 1 1 0 1 7 1 536
block8 476 1 3 400 13 1 1 0 1 1 1 473
block8 474 1 9 50 12 1 1 0 1 1 1 1056
block8 480 1 9 400 9 1 1 0 1 1 1 418
block8 475 7 3 400 9 1 1 0 1 7 1 367
block8 473 7 9 50 13 1 1 0 1 7 1 494
block8 491 7 9 400 11 1 1 0 1 7 1 509
block8 482 1 3 50 21 1 1 0 1 1 1 549
block8 486 1 9 50 13 1 1 0 1 1 1 869
block8 489 7 7 400 14 1 1 0 1 7 1 370
block8 481 7 3 50 12 1 1 0 1 1 2 381
block8 483 7 7 50 21 1 1 0 1 7 1 639
block8 492 1 9 400 11 1 1 0 1 1 1 475
block8 490 1 7 400 12 1 1 0 1 1 1 649
block8 487 7 3 400 9 1 1 0 1 7 1 522
block8 488 1 3 400 15 1 1 0 1 1 1 433
block8 485 7 9 50 17 1 1 0 1 7 1 390
block8 484 1 7 50 21 1 1 0 1 1 1 499
block9 503 7 9 400 27 1 1 0 1 7 1 440
block9 494 1 3 50 27 1 1 0 1 1 1 380
block9 493 7 3 50 24 1 1 0 1 7 1 286
block9 498 1 9 50 13 1 1 0 1 1 1 744
block9 502 1 7 400 15 1 1 0 1 1 1 483
block9 501 7 7 400 9 1 1 0 1 7 1 367
block9 499 7 3 400 9 1 1 0 1 7 1 381
block9 497 7 9 50 14 1 1 0 1 7 1 702
block9 495 7 7 50 27 1 1 0 1 7 1 357
block9 496 1 7 50 8 1 1 0 1 1 1 464
block9 500 1 3 400 17 1 1 0 1 1 1 389
block9 504 1 9 400 27 1 1 0 1 1 1 788
block9 516 1 9 400 25 1 1 0 1 1 1 681
block9 510 1 9 50 13 1 1 0 1 1 1 931
block9 507 7 7 50 15 1 1 0 1 7 1 951
block9 505 7 3 50 27 1 1 0 1 7 1 390
block9 511 7 3 400 25 1 1 0 1 7 1 429
block9 506 1 3 50 25 1 1 0 1 1 1 634
block9 512 1 3 400 11 1 1 0 1 1 1 387
block9 514 1 7 400 12 1 1 0 1 1 1 563
block9 509 7 9 50 8 1 1 0 1 7 1 738
block9 515 7 9 400 27 1 1 0 1 7 1 717
block9 513 7 7 400 8 1 1 0 1 7 1 379
block9 508 1 7 50 20 1 1 0 1 1 1 481
block9 519 7 7 50 8 1 1 0 1 7 1 460
block9 522 1 9 50 15 1 1 0 1 1 1 627
block9 518 1 3 50 12 1 1 0 1 1 1 614
block9 517 7 3 50 12 1 1 0 1 7 1 408
block9 528 1 9 400 27 1 1 0 1 1 1 361
block9 523 7 3 400 12 1 1 0 1 7 1 356
block9 526 1 7 400 27 1 1 0 1 1 1 374
block9 520 1 7 50 13 1 1 0 1 1 1 468
block9 521 7 9 50 11 1 1 0 1 7 1 438
block9 525 7 7 400 24 1 1 0 1 7 1 1021
block9 527 7 9 400 27 1 1 0 1 7 1 485
block9 524 1 3 400 14 1 1 0 1 1 1 416
block9 539 7 9 400 20 1 1 0 1 1 2 581
block9 531 7 7 50 25 1 1 0 1 7 1 643
block9 530 1 3 50 8 1 1 0 1 1 1 420
block9 536 1 3 400 11 1 1 0 1 1 1 598
block9 537 7 7 400 15 1 1 0 1 7 1 460
block9 533 7 9 50 14 1 1 0 1 7 1 430
block9 532 1 7 50 24 1 1 0 1 1 1 784
block9 540 1 9 400 21 1 1 0 1 1 1 380
block9 534 1 9 50 20 1 1 0 1 1 1 954
block9 535 7 3 400 15 1 1 0 1 7 1 382
block9 529 7 3 50 8 1 1 0 1 7 1 501
block9 538 1 7 400 27 1 1 0 1 1 1 689
block9 544 1 7 50 27 1 1 0 1 1 1 618
block9 550 1 7 400 17 1 1 0 1 1 1 424
block9 545 7 9 50 24 1 1 0 1 7 1 429
block9 548 1 3 400 27 1 1 0 1 1 1 498
block9 552 1 9 400 9 1 1 0 1 1 1 708
block9 549 7 7 400 25 1 1 0 1 7 1 484
block9 551 7 9 400 12 1 1 0 1 1 2 386
block9 542 1 3 50 17 1 1 0 1 1 1 418
block9 547 7 3 400 11 1 1 0 1 7 1 416
block9 543 7 7 50 12 1 1 0 1 7 1 385
block9 546 1 9 50 24 1 1 0 1 1 1 835
block9 541 7 3 50 21 1 1 0 1 7 1 499
block10 558 1 9 50 20 1 1 0 1 1 1 613
block10 557 7 9 50 15 1 1 0 1 7 1 479
block10 562 1 7 400 8 1 1 0 1 1 1 545
block10 555 7 7 50 13 1 1 0 1 7 1 511
block10 556 1 7 50 13 1 1 0 1 1 1 576
block10 559 7 3 400 8 1 1 0 1 7 1 306
block10 553 7 3 50 13 1 1 0 1 7 1 407
block10 564 1 9 400 25 1 1 0 1 1 1 610
block10 561 7 7 400 12 1 1 0 1 7 1 553
block10 563 7 9 400 27 1 1 0 1 7 1 660
block10 554 1 3 50 11 1 1 0 1 1 1 458
block10 560 1 3 400 20 1 1 0 1 1 1 473
block10 573 7 7 400 11 1 1 0 1 7 1 390
block10 568 1 7 50 12 1 1 0 1 1 1 658
block10 574 1 7 400 15 1 1 0 1 1 1 592
block10 569 7 9 50 9 1 1 0 1 7 1 688
block10 570 1 9 50 13 1 1 0 1 1 1 637
block10 575 7 9 400 13 1 1 0 1 7 1 407
block10 566 1 3 50 17 1 1 0 1 1 1 388
block10 576 1 9 400 14 1 1 0 1 1 1 967
block10 571 7 3 400 27 1 1 0 1 7 1 427
block10 567 7 7 50 12 1 1 0 1 7 1 625
block10 572 1 3 400 27 1 1 0 1 1 1 384
block10 565 7 3 50 24 1 1 0 1 7 1 392
block10 587 7 9 400 27 1 1 0 1 7 1 773
block10 580 1 7 50 12 1 1 0 1 1 1 658
block10 581 7 9 50 14 1 1 0 1 7 1 445
block10 582 1 9 50 12 1 1 0 1 1 1 525
block10 584 1 3 400 27 1 1 0 1 1 1 335
block10 578 1 3 50 8 1 1 0 1 1 1 423
block10 588 1 9 400 14 1 1 0 1 1 1 958
block10 579 7 7 50 12 1 1 0 1 7 1 796
block10 585 7 7 400 17 1 1 0 1 7 1 497
block10 586 1 7 400 17 1 1 0 1 1 1 442
block10 577 7 3 50 9 1 1 0 1 7 1 362
block10 583 7 3 400 13 1 1 0 1 7 1 437
block10 596 1 3 400 13 1 1 0 1 1 1 489
block10 590 1 3 50 9 1 1 0 1 1 1 386
block10 592 1 7 50 14 1 1 0 1 1 1 644
block10 600 1 9 400 21 1 1 0 1 1 1 606
block10 598 1 7 400 25 1 1 0 1 1 1 460
block10 595 7 3 400 14 1 1 0 1 7 1 509
block10 589 7 3 50 17 1 1 0 1 7 1 603
block10 593 7 9 50 13 1 1 0 1 7 1 1304
block10 597 7 7 400 11 1 1 0 1 7 1 475
block10 591 7 7 50 24 1 1 0 1 7 1 482
block10 594 1 9 50 20 1 1 0 1 1 1 524
block10 599 7 9 400 15 1 1 0 1 7 1 797
block10 602 1 3 50 8 1 1 0 1 1 1 426
block10 610 1 7 400 21 1 1 0 1 1 1 872
block10 611 7 9 400 14 1 1 0 1 7 1 888
block10 601 7 3 50 21 1 1 0 1 7 1 395
block10 608 1 3 400 21 1 1 0 1 1 1 514
block10 604 1 7 50 27 1 1 0 1 1 1 569
block10 603 7 7 50 12 1 1 0 1 7 1 501
block10 609 7 7 400 21 1 1 0 1 7 1 837
block10 606 1 9 50 13 1 1 0 1 1 1 954
block10 612 1 9 400 25 1 1 0 1 1 1 632
block10 607 7 3 400 21 1 1 0 1 7 1 446
block10 605 7 9 50 17 1 1 0 1 7 1 741
