blockName counter targetLR setSize isi cueUcOrLc congr competing preivewOrNot keyPressed keyStatus rt NA
prc 11 7 9 400 21 1 1 0 1 7 1 1263
prc 10 1 7 400 15 1 1 0 1 1 1 1443
prc 4 1 7 50 27 1 1 0 1 1 1 743
prc 5 7 9 50 25 1 1 0 1 7 1 684
prc 12 1 9 400 21 1 1 0 1 1 1 894
prc 9 7 7 400 20 1 1 0 1 7 1 620
prc 3 7 7 50 9 1 1 0 1 7 1 1071
prc 2 1 3 50 25 1 1 0 1 1 1 412
prc 1 7 3 50 9 1 1 0 1 7 1 534
prc 7 7 3 400 20 1 1 0 1 7 1 587
prc 8 1 3 400 14 1 1 0 1 1 1 597
prc 6 1 9 50 25 1 1 0 1 1 1 1673
block1 14 1 3 50 12 1 1 0 1 1 1 642
block1 21 7 7 400 25 1 1 0 1 7 1 1917
block1 20 1 3 400 25 1 1 0 1 1 1 674
block1 13 7 3 50 8 1 1 0 1 7 1 1229
block1 23 7 9 400 17 1 1 0 1 7 1 573
block1 19 7 3 400 14 1 1 0 1 7 1 507
block1 17 7 9 50 9 1 1 0 1 7 1 1103
block1 15 7 7 50 13 1 1 0 1 7 1 751
block1 18 1 9 50 13 1 1 0 1 1 1 1463
block1 24 1 9 400 14 1 1 0 1 1 1 552
block1 16 1 7 50 9 1 1 0 1 1 1 1239
block1 22 1 7 400 11 1 1 0 1 1 1 523
block1 32 1 3 400 27 1 1 0 1 1 1 473
block1 25 7 3 50 13 1 1 0 1 7 1 462
block1 31 7 3 400 24 1 1 0 1 7 1 410
block1 29 7 9 50 8 1 1 0 1 7 1 527
block1 33 7 7 400 21 1 1 0 1 7 1 912
block1 36 1 9 400 9 1 1 0 1 1 1 1003
block1 27 7 7 50 13 1 1 0 1 7 1 683
block1 26 1 3 50 12 1 1 0 1 1 1 514
block1 34 1 7 400 13 1 1 0 1 1 1 699
block1 28 1 7 50 8 1 1 0 1 1 1 1248
block1 30 1 9 50 25 1 1 0 1 1 1 1111
block1 35 7 9 400 8 1 1 0 1 7 1 1267
block1 38 1 3 50 25 1 1 0 1 1 1 478
block1 43 7 3 400 8 1 1 0 1 7 1 595
block1 44 1 3 400 15 1 1 0 1 1 1 756
block1 42 1 9 50 21 1 1 0 1 1 1 643
block1 39 7 7 50 13 1 1 0 1 7 1 597
block1 41 7 9 50 27 1 1 0 1 7 1 826
block1 45 7 7 400 20 1 1 0 1 7 1 551
block1 48 1 9 400 24 1 1 0 1 1 1 812
block1 47 7 9 400 14 1 1 0 1 7 1 483
block1 46 1 7 400 13 1 1 0 1 1 1 699
block1 40 1 7 50 9 1 1 0 1 1 1 720
block1 37 7 3 50 24 1 1 0 1 7 1 517
block1 57 7 7 400 12 1 1 0 1 7 1 894
block1 56 1 3 400 20 1 1 0 1 1 1 476
block1 50 1 3 50 24 1 1 0 1 1 1 576
block1 51 7 7 50 14 1 1 0 1 7 1 804
block1 58 1 7 400 25 1 1 0 1 1 1 755
block1 49 7 3 50 20 1 1 0 1 7 1 814
block1 59 7 9 400 21 1 1 0 1 7 1 1045
block1 60 1 9 400 27 1 1 0 1 1 1 574
block1 54 1 9 50 11 1 1 0 1 1 1 786
block1 53 7 9 50 24 1 1 0 1 7 1 878
block1 55 7 3 400 20 1 1 0 1 7 1 697
block1 52 1 7 50 20 1 1 0 1 1 1 943
block1 71 7 9 400 13 1 1 0 1 7 1 790
block1 72 1 9 400 24 1 1 0 1 1 1 1416
block1 68 1 3 400 15 1 1 0 1 1 1 454
block1 69 7 7 400 9 1 1 0 1 7 1 511
block1 66 1 9 50 25 1 1 0 1 1 1 607
block1 63 7 7 50 13 1 1 0 1 7 1 537
block1 64 1 7 50 25 1 1 0 1 1 1 563
block1 67 7 3 400 15 1 1 0 1 7 1 479
block1 65 7 9 50 27 1 1 0 1 1 2 1059
block1 62 1 3 50 21 1 1 0 1 1 1 643
block1 61 7 3 50 11 1 1 0 1 7 1 486
block1 70 1 7 400 15 1 1 0 1 1 1 678
block1 84 1 9 400 17 1 1 0 1 1 1 504
block1 82 1 7 400 15 1 1 0 1 1 1 901
block1 81 7 7 400 21 1 1 0 1 7 1 1048
block1 74 1 3 50 12 1 1 0 1 1 1 435
block1 76 1 7 50 24 1 1 0 1 1 1 503
block1 80 1 3 400 11 1 1 0 1 1 1 385
block1 83 7 9 400 24 1 1 0 1 7 1 1720
block1 77 7 9 50 9 1 1 0 1 7 1 682
block1 79 7 3 400 17 1 1 0 1 7 1 428
block1 75 7 7 50 15 1 1 0 1 7 1 905
block1 73 7 3 50 15 1 1 0 1 7 1 533
block1 78 1 9 50 14 1 1 0 1 1 1 509
block1 91 7 3 400 25 1 1 0 1 7 1 497
block1 92 1 3 400 24 1 1 0 1 1 1 497
block1 86 1 3 50 17 1 1 0 1 1 1 563
block1 93 7 7 400 13 1 1 0 1 7 1 453
block1 94 1 7 400 27 1 1 0 1 1 1 821
block1 85 7 3 50 24 1 1 0 1 7 1 646
block1 87 7 7 50 9 1 1 0 1 7 1 805
block1 90 1 9 50 9 1 1 0 1 1 1 804
block1 96 1 9 400 12 1 1 0 1 1 1 1941
block1 95 7 9 400 25 1 1 0 1 7 1 719
block1 89 7 9 50 27 1 1 0 1 7 1 465
block1 88 1 7 50 9 1 1 0 1 1 1 685
block1 101 7 9 50 13 1 1 0 1 7 1 983
block1 105 7 7 400 14 1 1 0 1 7 1 979
block1 99 7 7 50 12 1 1 0 1 1 2 1693
block1 106 1 7 400 17 1 1 0 1 1 1 554
block1 100 1 7 50 17 1 1 0 1 1 1 413
block1 102 1 9 50 20 1 1 0 1 1 1 571
block1 108 1 9 400 17 1 1 0 1 1 1 438
block1 104 1 3 400 8 1 1 0 1 1 1 512
block1 103 7 3 400 12 1 1 0 1 7 1 401
block1 97 7 3 50 17 1 1 0 1 7 1 488
block1 107 7 9 400 21 1 1 0 1 7 1 609
block1 98 1 3 50 25 1 1 0 1 1 1 432
block1 115 7 3 400 20 1 1 0 1 7 1 407
block1 110 1 3 50 14 1 1 0 1 1 1 413
block1 113 7 9 50 25 1 1 0 1 7 1 599
block1 117 7 7 400 21 1 1 0 1 7 1 1119
block1 114 1 9 50 12 1 1 0 1 1 1 818
block1 111 7 7 50 24 1 1 0 1 7 1 1048
block1 109 7 3 50 25 1 1 0 1 7 1 674
block1 112 1 7 50 15 1 1 0 1 1 1 960
block1 120 1 9 400 27 1 1 0 1 1 1 904
block1 116 1 3 400 8 1 1 0 1 1 1 557
block1 118 1 7 400 8 1 1 0 1 1 1 777
block1 119 7 9 400 27 1 1 0 1 7 1 440
block1 131 7 9 400 21 1 1 0 1 7 1 965
block1 126 1 9 50 20 1 1 0 1 1 1 599
block1 130 1 7 400 24 1 1 0 1 1 1 1108
block1 121 7 3 50 12 1 1 0 1 1 2 446
block1 129 7 7 400 9 1 1 0 1 7 1 750
block1 125 7 9 50 11 1 1 0 1 7 1 707
block1 128 1 3 400 17 1 1 0 1 1 1 491
block1 127 7 3 400 13 1 1 0 1 7 1 445
block1 122 1 3 50 11 1 1 0 1 1 1 507
block1 123 7 7 50 14 1 1 0 1 7 1 632
block1 132 1 9 400 24 1 1 0 1 1 1 891
block1 124 1 7 50 9 1 1 0 1 1 1 1690
block2 134 1 3 50 15 1 1 0 1 1 1 469
block2 139 7 3 400 17 1 1 0 1 7 1 375
block2 138 1 9 50 14 1 1 0 1 1 1 460
block2 141 7 7 400 25 1 1 0 1 7 1 582
block2 143 7 9 400 20 1 1 0 1 7 1 1146
block2 144 1 9 400 21 1 1 0 1 1 1 2228
block2 142 1 7 400 27 1 1 0 1 1 1 742
block2 137 7 9 50 24 1 1 0 1 7 1 998
block2 136 1 7 50 11 1 1 0 1 1 1 1641
block2 133 7 3 50 24 1 1 0 1 7 1 651
block2 135 7 7 50 13 1 1 0 1 7 1 472
block2 140 1 3 400 27 1 1 0 1 1 1 481
block2 156 1 9 400 11 1 1 0 1 1 1 1277
block2 147 7 7 50 11 1 1 0 1 7 1 586
block2 150 1 9 50 12 1 1 0 1 1 1 845
block2 148 1 7 50 17 1 1 0 1 1 1 464
block2 149 7 9 50 8 1 1 0 1 7 1 677
block2 152 1 3 400 8 1 1 0 1 1 1 486
block2 151 7 3 400 12 1 1 0 1 7 1 467
block2 153 7 7 400 11 1 1 0 1 7 1 828
block2 146 1 3 50 8 1 1 0 1 1 1 447
block2 154 1 7 400 21 1 1 0 1 1 1 599
block2 145 7 3 50 13 1 1 0 1 7 1 504
block2 155 7 9 400 14 1 1 0 1 1 2 2708
block2 160 1 7 50 14 1 1 0 1 1 1 553
block2 161 7 9 50 12 1 1 0 1 7 1 1258
block2 159 7 7 50 25 1 1 0 1 7 1 1148
block2 164 1 3 400 11 1 1 0 1 1 1 443
block2 163 7 3 400 9 1 1 0 1 7 1 418
block2 157 7 3 50 27 1 1 0 1 7 1 603
block2 167 7 9 400 24 1 1 0 1 7 1 854
block2 162 1 9 50 14 1 1 0 1 1 1 997
block2 166 1 7 400 8 1 1 0 1 1 1 725
block2 158 1 3 50 8 1 1 0 1 1 1 815
block2 165 7 7 400 15 1 1 0 1 7 1 600
block2 168 1 9 400 9 1 1 0 1 1 1 825
block2 180 1 9 400 8 1 1 0 1 1 1 1774
block2 173 7 9 50 14 1 1 0 1 7 1 884
block2 179 7 9 400 12 1 1 0 1 7 1 1032
block2 177 7 7 400 13 1 1 0 1 7 1 727
block2 174 1 9 50 21 1 1 0 1 1 1 899
block2 176 1 3 400 24 1 1 0 1 1 1 524
block2 175 7 3 400 8 1 1 0 1 7 1 358
block2 171 7 7 50 9 1 1 0 1 7 1 1001
block2 172 1 7 50 14 1 1 0 1 1 1 931
block2 178 1 7 400 8 1 1 0 1 1 1 1270
block2 170 1 3 50 11 1 1 0 1 1 1 441
block2 169 7 3 50 21 1 1 0 1 7 1 680
block2 181 7 3 50 12 1 1 0 1 7 1 456
block2 191 7 9 400 25 1 1 0 1 7 1 856
block2 187 7 3 400 24 1 1 0 1 7 1 651
block2 189 7 7 400 25 1 1 0 1 7 1 421
block2 182 1 3 50 27 1 1 0 1 1 1 525
block2 185 7 9 50 21 1 1 0 1 7 1 500
block2 188 1 3 400 9 1 1 0 1 1 1 442
block2 184 1 7 50 27 1 1 0 1 1 1 624
block2 192 1 9 400 12 1 1 0 1 1 1 1050
block2 186 1 9 50 11 1 1 0 1 1 1 517
block2 183 7 7 50 25 1 1 0 1 7 1 477
block2 190 1 7 400 20 1 1 0 1 1 1 652
block2 197 7 9 50 13 1 1 0 1 7 1 508
block2 198 1 9 50 24 1 1 0 1 1 1 922
block2 199 7 3 400 21 1 1 0 1 7 1 821
block2 203 7 9 400 21 1 1 0 1 7 1 2200
block2 202 1 7 400 9 1 1 0 1 1 1 1035
block2 195 7 7 50 21 1 1 0 1 7 1 785
block2 196 1 7 50 8 1 1 0 1 1 1 1288
block2 200 1 3 400 20 1 1 0 1 1 1 528
block2 193 7 3 50 27 1 1 0 1 7 1 496
block2 194 1 3 50 11 1 1 0 1 1 1 721
block2 201 7 7 400 11 1 1 0 1 7 1 710
block2 204 1 9 400 25 1 1 0 1 1 1 383
block2 213 7 7 400 27 1 1 0 1 7 1 476
block2 210 1 9 50 9 1 1 0 1 1 1 682
block2 205 7 3 50 15 1 1 0 1 7 1 593
block2 216 1 9 400 8 1 1 0 1 1 1 1384
block2 212 1 3 400 12 1 1 0 1 1 1 886
block2 211 7 3 400 20 1 1 0 1 7 1 432
block2 214 1 7 400 14 1 1 0 1 1 1 754
block2 208 1 7 50 24 1 1 0 1 1 1 886
block2 206 1 3 50 12 1 1 0 1 1 1 527
block2 207 7 7 50 14 1 1 0 1 7 1 947
block2 215 7 9 400 20 1 1 0 1 7 1 841
block2 209 7 9 50 9 1 1 0 1 7 1 793
block2 221 7 9 50 27 1 1 0 1 7 1 703
block2 217 7 3 50 27 1 1 0 1 7 1 528
block2 220 1 7 50 11 1 1 0 1 1 1 563
block2 228 1 9 400 9 1 1 0 1 1 1 1133
block2 226 1 7 400 27 1 1 0 1 1 1 587
block2 225 7 7 400 14 1 1 0 1 7 1 801
block2 224 1 3 400 24 1 1 0 1 1 1 437
block2 218 1 3 50 17 1 1 0 1 1 1 551
block2 223 7 3 400 9 1 1 0 1 7 1 511
block2 227 7 9 400 27 1 1 0 1 7 1 702
block2 222 1 9 50 13 1 1 0 1 1 1 658
block2 219 7 7 50 17 1 1 0 1 7 1 1018
block2 231 7 7 50 20 1 1 0 1 7 1 556
block2 240 1 9 400 25 1 1 0 1 1 1 554
block2 237 7 7 400 13 1 1 0 1 7 1 852
block2 229 7 3 50 11 1 1 0 1 7 1 519
block2 235 7 3 400 25 1 1 0 1 7 1 538
block2 238 1 7 400 25 1 1 0 1 1 1 1047
block2 234 1 9 50 20 1 1 0 1 1 1 544
block2 230 1 3 50 11 1 1 0 1 1 1 440
block2 239 7 9 400 21 1 1 0 1 7 1 1890
block2 233 7 9 50 12 1 1 0 1 7 1 747
block2 236 1 3 400 14 1 1 0 1 1 1 361
block2 232 1 7 50 9 1 1 0 1 1 1 818
block2 252 1 9 400 21 1 1 0 1 1 1 793
block2 246 1 9 50 11 1 1 0 1 1 1 545
block2 242 1 3 50 11 1 1 0 1 1 1 785
block2 243 7 7 50 27 1 1 0 1 7 1 656
block2 250 1 7 400 13 1 1 0 1 1 1 496
block2 244 1 7 50 24 1 1 0 1 1 1 1107
block2 251 7 9 400 24 1 1 0 1 7 1 736
block2 241 7 3 50 24 1 1 0 1 7 1 580
block2 245 7 9 50 12 1 1 0 1 7 1 601
block2 248 1 3 400 12 1 1 0 1 1 1 668
block2 247 7 3 400 15 1 1 0 1 7 1 390
block2 249 7 7 400 12 1 1 0 1 7 1 712
block3 260 1 3 400 9 1 1 0 1 1 1 730
block3 262 1 7 400 25 1 1 0 1 1 1 539
block3 264 1 9 400 12 1 1 0 1 1 1 992
block3 261 7 7 400 9 1 1 0 1 7 1 838
block3 256 1 7 50 12 1 1 0 1 1 1 588
block3 263 7 9 400 21 1 1 0 1 7 1 1019
block3 254 1 3 50 27 1 1 0 1 1 1 469
block3 258 1 9 50 14 1 1 0 1 1 1 565
block3 259 7 3 400 13 1 1 0 1 7 1 601
block3 253 7 3 50 24 1 1 0 1 7 1 516
block3 255 7 7 50 24 1 1 0 1 7 1 714
block3 257 7 9 50 17 1 1 0 1 7 1 688
block3 267 7 7 50 21 1 1 0 1 7 1 652
block3 271 7 3 400 9 1 1 0 1 7 1 424
block3 270 1 9 50 8 1 1 0 1 1 1 563
block3 275 7 9 400 14 1 1 0 1 7 1 804
block3 269 7 9 50 9 1 1 0 1 7 1 942
block3 273 7 7 400 9 1 1 0 1 7 1 681
block3 276 1 9 400 20 1 1 0 1 1 1 483
block3 268 1 7 50 24 1 1 0 1 1 1 894
block3 265 7 3 50 14 1 1 0 1 7 1 479
block3 272 1 3 400 12 1 1 0 1 1 1 513
block3 274 1 7 400 14 1 1 0 1 1 1 1059
block3 266 1 3 50 15 1 1 0 1 1 1 499
block3 288 1 9 400 12 1 1 0 1 7 2 459
block3 285 7 7 400 14 1 1 0 1 1 2 2305
block3 278 1 3 50 15 1 1 0 1 1 1 379
block3 286 1 7 400 27 1 1 0 1 1 1 521
block3 277 7 3 50 8 1 1 0 1 7 1 931
block3 287 7 9 400 25 1 1 0 1 7 1 1133
block3 282 1 9 50 12 1 1 0 1 1 1 810
block3 283 7 3 400 17 1 1 0 1 7 1 473
block3 279 7 7 50 27 1 1 0 1 7 1 634
block3 281 7 9 50 24 1 1 0 1 7 1 664
block3 284 1 3 400 21 1 1 0 1 1 1 502
block3 280 1 7 50 9 1 1 0 1 1 1 767
block3 293 7 9 50 13 1 1 0 1 7 1 883
block3 297 7 7 400 11 1 1 0 1 7 1 469
block3 300 1 9 400 11 1 1 0 1 1 1 890
block3 292 1 7 50 15 1 1 0 1 1 1 738
block3 295 7 3 400 27 1 1 0 1 7 1 389
block3 290 1 3 50 14 1 1 0 1 1 1 414
block3 296 1 3 400 15 1 1 0 1 1 1 1621
block3 289 7 3 50 13 1 1 0 1 7 1 404
block3 299 7 9 400 20 1 1 0 1 7 1 530
block3 294 1 9 50 11 1 1 0 1 1 1 966
block3 291 7 7 50 8 1 1 0 1 1 2 1323
block3 298 1 7 400 9 1 1 0 1 1 1 512
block3 304 1 7 50 15 1 1 0 1 1 1 798
block3 309 7 7 400 17 1 1 0 1 7 1 540
block3 312 1 9 400 13 1 1 0 1 1 1 456
block3 303 7 7 50 20 1 1 0 1 7 1 1136
block3 301 7 3 50 17 1 1 0 1 7 1 773
block3 302 1 3 50 25 1 1 0 1 1 1 528
block3 311 7 9 400 8 1 1 0 1 7 1 3167
block3 307 7 3 400 21 1 1 0 1 7 1 497
block3 308 1 3 400 12 1 1 0 1 1 1 349
block3 306 1 9 50 24 1 1 0 1 1 1 1289
block3 310 1 7 400 21 1 1 0 1 1 1 735
block3 305 7 9 50 13 1 1 0 1 7 1 3164
block3 320 1 3 400 9 1 1 0 1 1 1 637
block3 321 7 7 400 11 1 1 0 1 7 1 708
block3 322 1 7 400 12 1 1 0 1 1 1 699
block3 323 7 9 400 27 1 1 0 1 7 1 810
block3 314 1 3 50 9 1 1 0 1 1 1 1396
block3 324 1 9 400 21 1 1 0 1 1 1 1354
block3 313 7 3 50 14 1 1 0 1 7 1 587
block3 316 1 7 50 17 1 1 0 1 1 1 452
block3 317 7 9 50 24 1 1 0 1 7 1 1044
block3 315 7 7 50 25 1 1 0 1 7 1 1196
block3 318 1 9 50 25 1 1 0 1 1 1 1280
block3 319 7 3 400 11 1 1 0 1 1 2 1337
block3 331 7 3 400 11 1 1 0 1 7 1 511
block3 327 7 7 50 11 1 1 0 1 7 1 1063
block3 333 7 7 400 21 1 1 0 1 7 1 1226
block3 325 7 3 50 9 1 1 0 1 7 1 626
block3 336 1 9 400 25 1 1 0 1 1 1 867
block3 329 7 9 50 15 1 1 0 1 7 1 655
block3 328 1 7 50 11 1 1 0 1 1 1 1675
block3 326 1 3 50 17 1 1 0 1 1 1 370
block3 332 1 3 400 20 1 1 0 1 1 1 361
block3 335 7 9 400 24 1 1 0 1 7 1 1304
block3 330 1 9 50 13 1 1 0 1 1 1 1781
block3 334 1 7 400 11 1 1 0 1 1 1 1373
block3 342 1 9 50 11 1 1 0 1 7 2 1308
block3 338 1 3 50 11 1 1 0 1 1 1 1101
block3 337 7 3 50 17 1 1 0 1 7 1 817
block3 347 7 9 400 8 1 1 0 1 7 1 585
block3 339 7 7 50 25 1 1 0 1 7 1 1047
block3 348 1 9 400 11 1 1 0 1 1 1 1219
block3 343 7 3 400 12 1 1 0 1 7 1 599
block3 340 1 7 50 20 1 1 0 1 1 1 589
block3 345 7 7 400 24 1 1 0 1 7 1 639
block3 341 7 9 50 27 1 1 0 1 7 1 692
block3 344 1 3 400 11 1 1 0 1 1 1 566
block3 346 1 7 400 8 1 1 0 1 1 1 726
block3 354 1 9 50 27 1 1 0 1 1 1 859
block3 349 7 3 50 12 1 1 0 1 7 1 771
block3 355 7 3 400 11 1 1 0 1 7 1 560
block3 358 1 7 400 9 1 1 0 1 1 1 791
block3 352 1 7 50 27 1 1 0 1 1 1 1138
block3 356 1 3 400 24 1 1 0 1 1 1 523
block3 350 1 3 50 24 1 1 0 1 1 1 1265
block3 351 7 7 50 15 1 1 0 1 7 1 1511
block3 359 7 9 400 17 1 1 0 1 7 1 434
block3 357 7 7 400 12 1 1 0 1 1 2 1153
block3 360 1 9 400 20 1 1 0 1 1 1 571
block3 353 7 9 50 11 1 1 0 1 7 1 828
block3 362 1 3 50 20 1 1 0 1 1 1 536
block3 365 7 9 50 15 1 1 0 1 7 1 2189
block3 371 7 9 400 13 1 1 0 1 7 1 970
block3 366 1 9 50 12 1 1 0 1 1 1 913
block3 368 1 3 400 17 1 1 0 1 7 2 1503
block3 372 1 9 400 13 1 1 0 1 1 1 515
block3 370 1 7 400 9 1 1 0 1 1 1 641
block3 364 1 7 50 27 1 1 0 1 1 1 486
block3 363 7 7 50 24 1 1 0 1 7 1 572
block3 361 7 3 50 15 1 1 0 1 7 1 450
block3 369 7 7 400 17 1 1 0 1 7 1 698
block3 367 7 3 400 13 1 1 0 1 7 1 496
block4 373 7 3 50 17 1 1 0 1 7 1 463
block4 375 7 7 50 13 1 1 0 1 7 1 784
block4 376 1 7 50 25 1 1 0 1 1 1 1273
block4 378 1 9 50 15 1 1 0 1 1 1 807
block4 383 7 9 400 27 1 1 0 1 7 1 721
block4 377 7 9 50 8 1 1 0 1 1 2 2671
block4 379 7 3 400 17 1 1 0 1 7 1 384
block4 381 7 7 400 11 1 1 0 1 7 1 521
block4 374 1 3 50 21 1 1 0 1 1 1 514
block4 380 1 3 400 11 1 1 0 1 7 2 645
block4 382 1 7 400 9 1 1 0 1 1 1 811
block4 384 1 9 400 21 1 1 0 1 1 1 657
block4 396 1 9 400 20 1 1 0 1 1 1 579
block4 389 7 9 50 12 1 1 0 1 7 1 765
block4 387 7 7 50 14 1 1 0 1 7 1 541
block4 386 1 3 50 14 1 1 0 1 7 2 736
block4 390 1 9 50 13 1 1 0 1 1 1 1093
block4 394 1 7 400 20 1 1 0 1 1 1 635
block4 388 1 7 50 27 1 1 0 1 1 1 848
block4 391 7 3 400 25 1 1 0 1 7 1 470
block4 395 7 9 400 12 1 1 0 1 7 1 539
block4 392 1 3 400 24 1 1 0 1 1 1 436
block4 385 7 3 50 25 1 1 0 1 7 1 476
block4 393 7 7 400 9 1 1 0 1 7 1 435
block4 406 1 7 400 15 1 1 0 1 1 1 474
block4 405 7 7 400 8 1 1 0 1 7 1 1227
block4 403 7 3 400 9 1 1 0 1 7 1 903
block4 401 7 9 50 17 1 1 0 1 7 1 672
block4 408 1 9 400 11 1 1 0 1 1 1 1205
block4 407 7 9 400 24 1 1 0 1 7 1 2628
block4 397 7 3 50 25 1 1 0 1 7 1 505
block4 402 1 9 50 21 1 1 0 1 1 1 965
block4 404 1 3 400 9 1 1 0 1 1 1 518
block4 400 1 7 50 25 1 1 0 1 1 1 1389
block4 399 7 7 50 9 1 1 0 1 7 1 639
block4 398 1 3 50 15 1 1 0 1 1 1 442
block4 409 7 3 50 15 1 1 0 1 7 1 448
block4 412 1 7 50 9 1 1 0 1 1 1 1756
block4 420 1 9 400 24 1 1 0 1 1 1 955
block4 414 1 9 50 8 1 1 0 1 1 1 1053
block4 411 7 7 50 24 1 1 0 1 7 1 688
block4 419 7 9 400 20 1 1 0 1 7 1 820
block4 413 7 9 50 20 1 1 0 1 7 1 991
block4 417 7 7 400 17 1 1 0 1 1 2 1355
block4 418 1 7 400 17 1 1 0 1 1 1 1166
block4 416 1 3 400 24 1 1 0 1 1 1 437
block4 415 7 3 400 21 1 1 0 1 7 1 519
block4 410 1 3 50 11 1 1 0 1 1 1 629
block4 427 7 3 400 11 1 1 0 1 7 1 441
block4 432 1 9 400 27 1 1 0 1 1 1 935
block4 428 1 3 400 27 1 1 0 1 1 1 445
block4 431 7 9 400 15 1 1 0 1 7 1 565
block4 425 7 9 50 14 1 1 0 1 7 1 1137
block4 422 1 3 50 8 1 1 0 1 1 1 534
block4 424 1 7 50 8 1 1 0 1 1 1 444
block4 423 7 7 50 8 1 1 0 1 7 1 1241
block4 421 7 3 50 8 1 1 0 1 7 1 464
block4 430 1 7 400 8 1 1 0 1 1 1 1318
block4 426 1 9 50 24 1 1 0 1 1 1 1764
block4 429 7 7 400 24 1 1 0 1 1 2 2033
block4 436 1 7 50 12 1 1 0 1 1 1 640
block4 441 7 7 400 17 1 1 0 1 7 1 664
block4 443 7 9 400 27 1 1 0 1 7 1 607
block4 444 1 9 400 11 1 1 0 1 1 1 463
block4 442 1 7 400 25 1 1 0 1 1 1 597
block4 434 1 3 50 9 1 1 0 1 1 1 562
block4 437 7 9 50 15 1 1 0 1 7 1 892
block4 435 7 7 50 24 1 1 0 1 7 1 573
block4 439 7 3 400 14 1 1 0 1 7 1 747
block4 440 1 3 400 15 1 1 0 1 7 2 436
block4 438 1 9 50 21 1 1 0 1 7 2 1398
block4 433 7 3 50 24 1 1 0 1 7 1 551
block4 446 1 3 50 9 1 1 0 1 1 1 441
block4 453 7 7 400 13 1 1 0 1 7 1 607
block4 445 7 3 50 24 1 1 0 1 7 1 892
block4 447 7 7 50 15 1 1 0 1 7 1 1335
block4 456 1 9 400 24 1 1 0 1 1 1 579
block4 455 7 9 400 11 1 1 0 1 7 1 510
block4 450 1 9 50 17 1 1 0 1 1 1 529
block4 451 7 3 400 15 1 1 0 1 7 1 428
block4 454 1 7 400 14 1 1 0 1 1 1 627
block4 448 1 7 50 17 1 1 0 1 1 1 498
block4 452 1 3 400 14 1 1 0 1 1 1 400
block4 449 7 9 50 21 1 1 0 1 7 1 914
block4 457 7 3 50 13 1 1 0 1 7 1 638
block4 462 1 9 50 12 1 1 0 1 1 1 698
block4 458 1 3 50 24 1 1 0 1 1 1 481
block4 466 1 7 400 14 1 1 0 1 1 1 1138
block4 468 1 9 400 21 1 1 0 1 1 1 784
block4 467 7 9 400 9 1 1 0 1 7 1 759
block4 461 7 9 50 27 1 1 0 1 7 1 506
block4 463 7 3 400 13 1 1 0 1 7 1 502
block4 459 7 7 50 21 1 1 0 1 7 1 1132
block4 465 7 7 400 11 1 1 0 1 7 1 523
block4 464 1 3 400 13 1 1 0 1 1 1 362
block4 460 1 7 50 27 1 1 0 1 1 1 692
block4 477 7 7 400 13 1 1 0 1 7 1 528
block4 469 7 3 50 8 1 1 0 1 7 1 572
block4 472 1 7 50 24 1 1 0 1 1 1 715
block4 476 1 3 400 27 1 1 0 1 1 1 560
block4 479 7 9 400 12 1 1 0 1 7 1 631
block4 471 7 7 50 25 1 1 0 1 7 1 726
block4 480 1 9 400 27 1 1 0 1 1 1 415
block4 473 7 9 50 24 1 1 0 1 7 1 571
block4 474 1 9 50 12 1 1 0 1 1 1 774
block4 475 7 3 400 25 1 1 0 1 7 1 612
block4 470 1 3 50 17 1 1 0 1 1 1 479
block4 478 1 7 400 24 1 1 0 1 7 2 1608
block4 489 7 7 400 13 1 1 0 1 7 1 913
block4 484 1 7 50 8 1 1 0 1 1 1 795
block4 487 7 3 400 8 1 1 0 1 7 1 427
block4 485 7 9 50 25 1 1 0 1 7 1 521
block4 492 1 9 400 9 1 1 0 1 1 1 743
block4 482 1 3 50 21 1 1 0 1 1 1 1727
block4 491 7 9 400 12 1 1 0 1 7 1 751
block4 488 1 3 400 20 1 1 0 1 1 1 1358
block4 483 7 7 50 8 1 1 0 1 7 1 855
block4 481 7 3 50 13 1 1 0 1 7 1 473
block4 490 1 7 400 13 1 1 0 1 1 1 751
block4 486 1 9 50 27 1 1 0 1 1 1 499
block5 499 7 3 400 15 1 1 0 1 7 1 519
block5 494 1 3 50 15 1 1 0 1 1 1 541
block5 496 1 7 50 15 1 1 0 1 1 1 435
block5 503 7 9 400 27 1 1 0 1 7 1 482
block5 497 7 9 50 11 1 1 0 1 7 1 456
block5 495 7 7 50 20 1 1 0 1 7 1 429
block5 504 1 9 400 14 1 1 0 1 1 1 601
block5 493 7 3 50 13 1 1 0 1 7 1 509
block5 498 1 9 50 14 1 1 0 1 1 1 871
block5 502 1 7 400 8 1 1 0 1 1 1 620
block5 500 1 3 400 11 1 1 0 1 1 1 575
block5 501 7 7 400 25 1 1 0 1 7 1 848
block5 509 7 9 50 17 1 1 0 1 7 1 836
block5 506 1 3 50 11 1 1 0 1 1 1 429
block5 508 1 7 50 21 1 1 0 1 1 1 747
block5 505 7 3 50 27 1 1 0 1 7 1 407
block5 514 1 7 400 14 1 1 0 1 1 1 510
block5 515 7 9 400 20 1 1 0 1 7 1 614
block5 510 1 9 50 13 1 1 0 1 1 1 1233
block5 516 1 9 400 17 1 1 0 1 1 1 576
block5 513 7 7 400 21 1 1 0 1 7 1 753
block5 511 7 3 400 17 1 1 0 1 1 2 855
block5 507 7 7 50 11 1 1 0 1 7 1 652
block5 512 1 3 400 9 1 1 0 1 1 1 561
block5 525 7 7 400 14 1 1 0 1 7 1 618
block5 521 7 9 50 27 1 1 0 1 7 1 572
block5 518 1 3 50 17 1 1 0 1 1 1 429
block5 520 1 7 50 15 1 1 0 1 1 1 718
block5 524 1 3 400 17 1 1 0 1 1 1 526
block5 523 7 3 400 25 1 1 0 1 7 1 425
block5 527 7 9 400 13 1 1 0 1 7 1 715
block5 522 1 9 50 8 1 1 0 1 1 1 1538
block5 519 7 7 50 12 1 1 0 1 7 1 585
block5 526 1 7 400 12 1 1 0 1 1 1 1570
block5 528 1 9 400 21 1 1 0 1 7 2 1021
block5 517 7 3 50 14 1 1 0 1 7 1 505
block5 532 1 7 50 20 1 1 0 1 1 1 485
block5 538 1 7 400 25 1 1 0 1 1 1 1010
block5 537 7 7 400 12 1 1 0 1 7 1 578
block5 536 1 3 400 13 1 1 0 1 1 1 442
block5 535 7 3 400 27 1 1 0 1 7 1 389
block5 529 7 3 50 17 1 1 0 1 1 2 628
block5 530 1 3 50 9 1 1 0 1 1 1 596
block5 540 1 9 400 24 1 1 0 1 1 1 770
block5 539 7 9 400 14 1 1 0 1 7 1 1652
block5 533 7 9 50 21 1 1 0 1 7 1 702
block5 534 1 9 50 12 1 1 0 1 1 1 715
block5 531 7 7 50 9 1 1 0 1 7 1 805
block5 550 1 7 400 13 1 1 0 1 1 1 489
block5 548 1 3 400 13 1 1 0 1 1 1 758
block5 543 7 7 50 12 1 1 0 1 1 2 1054
block5 545 7 9 50 12 1 1 0 1 7 1 852
block5 551 7 9 400 15 1 1 0 1 7 1 1129
block5 547 7 3 400 13 1 1 0 1 7 1 442
block5 552 1 9 400 11 1 1 0 1 1 1 411
block5 542 1 3 50 12 1 1 0 1 1 1 438
block5 544 1 7 50 12 1 1 0 1 1 1 1299
block5 549 7 7 400 13 1 1 0 1 7 1 510
block5 541 7 3 50 20 1 1 0 1 7 1 559
block5 546 1 9 50 20 1 1 0 1 1 1 516
block5 558 1 9 50 13 1 1 0 1 1 1 616
block5 555 7 7 50 24 1 1 0 1 7 1 789
block5 559 7 3 400 14 1 1 0 1 7 1 671
block5 561 7 7 400 9 1 1 0 1 7 1 701
block5 556 1 7 50 9 1 1 0 1 1 1 815
block5 554 1 3 50 9 1 1 0 1 1 1 628
block5 564 1 9 400 17 1 1 0 1 1 1 442
block5 562 1 7 400 25 1 1 0 1 1 1 615
block5 557 7 9 50 12 1 1 0 1 7 1 767
block5 553 7 3 50 24 1 1 0 1 7 1 551
block5 563 7 9 400 12 1 1 0 1 7 1 1150
block5 560 1 3 400 13 1 1 0 1 1 1 1130
block5 571 7 3 400 14 1 1 0 1 1 2 1119
block5 575 7 9 400 15 1 1 0 1 7 1 688
block5 569 7 9 50 13 1 1 0 1 7 1 980
block5 574 1 7 400 12 1 1 0 1 1 1 749
block5 572 1 3 400 11 1 1 0 1 1 1 466
block5 570 1 9 50 24 1 1 0 1 1 1 1198
block5 565 7 3 50 14 1 1 0 1 7 1 483
block5 573 7 7 400 17 1 1 0 1 7 1 486
block5 576 1 9 400 21 1 1 0 1 1 1 1126
block5 566 1 3 50 20 1 1 0 1 1 1 613
block5 567 7 7 50 8 1 1 0 1 7 1 876
block5 568 1 7 50 14 1 1 0 1 1 1 947
block5 581 7 9 50 11 1 1 0 1 7 1 606
block5 587 7 9 400 20 1 1 0 1 7 1 664
block5 583 7 3 400 20 1 1 0 1 7 1 506
block5 578 1 3 50 20 1 1 0 1 1 1 935
block5 588 1 9 400 8 1 1 0 1 1 1 1189
block5 582 1 9 50 14 1 1 0 1 1 1 1036
block5 579 7 7 50 15 1 1 0 1 7 1 525
block5 577 7 3 50 15 1 1 0 1 7 1 409
block5 585 7 7 400 12 1 1 0 1 7 1 735
block5 584 1 3 400 21 1 1 0 1 1 1 2152
block5 580 1 7 50 11 1 1 0 1 1 1 903
block5 586 1 7 400 15 1 1 0 1 1 1 1057
block5 592 1 7 50 12 1 1 0 1 1 1 549
block5 597 7 7 400 14 1 1 0 1 7 1 818
block5 596 1 3 400 13 1 1 0 1 7 2 1018
block5 589 7 3 50 20 1 1 0 1 7 1 521
block5 599 7 9 400 14 1 1 0 1 7 1 1414
block5 595 7 3 400 20 1 1 0 1 7 1 1061
block5 594 1 9 50 13 1 1 0 1 1 1 585
block5 593 7 9 50 24 1 1 0 1 7 1 886
block5 598 1 7 400 11 1 1 0 1 1 1 446
block5 600 1 9 400 8 1 1 0 1 1 1 1564
block5 591 7 7 50 20 1 1 0 1 7 1 730
block5 590 1 3 50 17 1 1 0 1 1 1 381
block5 611 7 9 400 12 1 1 0 1 7 1 1431
block5 609 7 7 400 17 1 1 0 1 7 1 383
block5 610 1 7 400 17 1 1 0 1 1 1 405
block5 607 7 3 400 8 1 1 0 1 7 1 383
block5 602 1 3 50 14 1 1 0 1 1 1 1448
block5 606 1 9 50 14 1 1 0 1 1 1 1304
block5 605 7 9 50 14 1 1 0 1 7 1 864
block5 604 1 7 50 9 1 1 0 1 1 1 680
block5 601 7 3 50 9 1 1 0 1 7 1 727
block5 603 7 7 50 12 1 1 0 1 7 1 674
block5 612 1 9 400 24 1 1 0 1 1 1 1071
block5 608 1 3 400 14 1 1 0 1 1 1 512
block6 618 1 9 50 25 1 1 0 1 1 1 510
block6 614 1 3 50 12 1 1 0 1 1 1 383
block6 619 7 3 400 24 1 1 0 1 7 1 408
block6 622 1 7 400 9 1 1 0 1 1 1 453
block6 623 7 9 400 12 1 1 0 1 7 1 525
block6 616 1 7 50 17 1 1 0 1 1 1 367
block6 620 1 3 400 21 1 1 0 1 1 1 499
block6 621 7 7 400 27 1 1 0 1 7 1 539
block6 613 7 3 50 14 1 1 0 1 7 1 395
block6 624 1 9 400 13 1 1 0 1 1 1 899
block6 617 7 9 50 20 1 1 0 1 7 1 473
block6 615 7 7 50 11 1 1 0 1 7 1 462
block6 628 1 7 50 21 1 1 0 1 1 1 450
block6 635 7 9 400 9 1 1 0 1 7 1 857
block6 626 1 3 50 20 1 1 0 1 1 1 492
block6 629 7 9 50 9 1 1 0 1 7 1 1351
block6 625 7 3 50 15 1 1 0 1 7 1 464
block6 631 7 3 400 24 1 1 0 1 7 1 388
block6 627 7 7 50 14 1 1 0 1 7 1 636
block6 630 1 9 50 24 1 1 0 1 1 1 1284
block6 633 7 7 400 15 1 1 0 1 7 1 708
block6 632 1 3 400 24 1 1 0 1 1 1 447
block6 634 1 7 400 15 1 1 0 1 1 1 1124
block6 636 1 9 400 12 1 1 0 1 1 1 1032
block6 647 7 9 400 12 1 1 0 1 7 1 480
block6 645 7 7 400 8 1 1 0 1 7 1 1480
block6 637 7 3 50 9 1 1 0 1 7 1 786
block6 638 1 3 50 15 1 1 0 1 1 1 918
block6 644 1 3 400 21 1 1 0 1 1 1 735
block6 640 1 7 50 11 1 1 0 1 1 1 979
block6 639 7 7 50 15 1 1 0 1 1 2 2203
block6 641 7 9 50 12 1 1 0 1 7 1 1593
block6 642 1 9 50 17 1 1 0 1 1 1 524
block6 643 7 3 400 8 1 1 0 1 7 1 426
block6 646 1 7 400 9 1 1 0 1 1 1 1202
block6 648 1 9 400 8 1 1 0 1 1 1 581
block6 650 1 3 50 24 1 1 0 1 1 1 570
block6 655 7 3 400 9 1 1 0 1 7 1 456
block6 652 1 7 50 24 1 1 0 1 1 1 663
block6 658 1 7 400 14 1 1 0 1 1 1 491
block6 651 7 7 50 11 1 1 0 1 7 1 488
block6 649 7 3 50 13 1 1 0 1 7 1 457
block6 653 7 9 50 8 1 1 0 1 7 1 1894
block6 657 7 7 400 27 1 1 0 1 7 1 562
block6 654 1 9 50 8 1 1 0 1 1 1 704
block6 659 7 9 400 9 1 1 0 1 7 1 641
block6 660 1 9 400 8 1 1 0 1 1 1 945
block6 656 1 3 400 13 1 1 0 1 1 1 711
block6 666 1 9 50 24 1 1 0 1 1 1 1697
block6 669 7 7 400 25 1 1 0 1 7 1 680
block6 662 1 3 50 13 1 1 0 1 1 1 503
block6 670 1 7 400 8 1 1 0 1 1 1 648
block6 668 1 3 400 25 1 1 0 1 1 1 607
block6 661 7 3 50 14 1 1 0 1 7 1 552
block6 665 7 9 50 24 1 1 0 1 7 1 1501
block6 667 7 3 400 13 1 1 0 1 7 1 475
block6 672 1 9 400 25 1 1 0 1 1 1 826
block6 663 7 7 50 11 1 1 0 1 7 1 1319
block6 664 1 7 50 9 1 1 0 1 1 1 899
block6 671 7 9 400 9 1 1 0 1 7 1 519
block6 683 7 9 400 8 1 1 0 1 7 1 765
block6 684 1 9 400 25 1 1 0 1 1 1 1603
block6 682 1 7 400 14 1 1 0 1 1 1 626
block6 680 1 3 400 12 1 1 0 1 1 1 498
block6 678 1 9 50 24 1 1 0 1 1 1 872
block6 677 7 9 50 27 1 1 0 1 7 1 786
block6 675 7 7 50 11 1 1 0 1 7 1 589
block6 673 7 3 50 27 1 1 0 1 7 1 447
block6 676 1 7 50 9 1 1 0 1 1 1 411
block6 674 1 3 50 13 1 1 0 1 1 1 492
block6 679 7 3 400 20 1 1 0 1 7 1 391
block6 681 7 7 400 27 1 1 0 1 7 1 447
block6 694 1 7 400 20 1 1 0 1 1 1 391
block6 692 1 3 400 13 1 1 0 1 1 1 482
block6 696 1 9 400 21 1 1 0 1 1 1 1163
block6 691 7 3 400 24 1 1 0 1 7 1 408
block6 693 7 7 400 9 1 1 0 1 7 1 1316
block6 687 7 7 50 20 1 1 0 1 7 1 595
block6 685 7 3 50 13 1 1 0 1 7 1 557
block6 688 1 7 50 25 1 1 0 1 1 1 1268
block6 695 7 9 400 12 1 1 0 1 7 1 1216
block6 690 1 9 50 14 1 1 0 1 1 1 757
block6 686 1 3 50 24 1 1 0 1 1 1 548
block6 689 7 9 50 25 1 1 0 1 7 1 913
block6 704 1 3 400 11 1 1 0 1 1 1 2763
block6 707 7 9 400 8 1 1 0 1 7 1 544
block6 698 1 3 50 8 1 1 0 1 1 1 430
block6 701 7 9 50 21 1 1 0 1 7 1 564
block6 699 7 7 50 27 1 1 0 1 7 1 800
block6 700 1 7 50 8 1 1 0 1 1 1 871
block6 708 1 9 400 21 1 1 0 1 1 1 587
block6 703 7 3 400 20 1 1 0 1 7 1 430
block6 705 7 7 400 8 1 1 0 1 7 1 502
block6 702 1 9 50 11 1 1 0 1 1 1 606
block6 706 1 7 400 21 1 1 0 1 1 1 1271
block6 697 7 3 50 14 1 1 0 1 7 1 736
block6 719 7 9 400 24 1 1 0 1 7 1 2727
block6 710 1 3 50 9 1 1 0 1 1 1 566
block6 718 1 7 400 11 1 1 0 1 1 1 1005
block6 711 7 7 50 14 1 1 0 1 7 1 522
block6 712 1 7 50 13 1 1 0 1 1 1 542
block6 709 7 3 50 12 1 1 0 1 7 1 559
block6 714 1 9 50 17 1 1 0 1 1 3 10000
block6 715 7 3 400 8 1 1 0 1 7 1 592
block6 717 7 7 400 12 1 1 0 1 7 1 545
block6 713 7 9 50 8 1 1 0 1 7 1 723
block6 720 1 9 400 25 1 1 0 1 7 2 517
block6 716 1 3 400 13 1 1 0 1 1 1 380
block6 731 7 9 400 25 1 1 0 1 7 1 801
block6 724 1 7 50 14 1 1 0 1 1 1 456
block6 732 1 9 400 25 1 1 0 1 1 1 1196
block6 722 1 3 50 27 1 1 0 1 1 1 584
block6 721 7 3 50 27 1 1 0 1 7 1 964
block6 728 1 3 400 20 1 1 0 1 1 1 451
block6 727 7 3 400 8 1 1 0 1 7 1 405
block6 729 7 7 400 12 1 1 0 1 7 1 877
block6 726 1 9 50 24 1 1 0 1 1 1 435
block6 730 1 7 400 24 1 1 0 1 1 1 1061
block6 723 7 7 50 21 1 1 0 1 7 1 714
block6 725 7 9 50 27 1 1 0 1 7 1 557
block7 743 7 9 400 24 1 1 0 1 7 1 596
block7 738 1 9 50 25 1 1 0 1 1 1 452
block7 739 7 3 400 21 1 1 0 1 7 1 431
block7 736 1 7 50 9 1 1 0 1 1 1 548
block7 733 7 3 50 9 1 1 0 1 7 1 457
block7 742 1 7 400 11 1 1 0 1 1 1 650
block7 741 7 7 400 9 1 1 0 1 7 1 551
block7 735 7 7 50 24 1 1 0 1 7 1 437
block7 744 1 9 400 8 1 1 0 1 1 1 947
block7 734 1 3 50 25 1 1 0 1 1 1 522
block7 740 1 3 400 13 1 1 0 1 1 1 473
block7 737 7 9 50 17 1 1 0 1 7 1 447
block7 746 1 3 50 11 1 1 0 1 1 1 365
block7 756 1 9 400 13 1 1 0 1 7 2 393
block7 749 7 9 50 8 1 1 0 1 7 1 1001
block7 748 1 7 50 17 1 1 0 1 1 1 418
block7 750 1 9 50 13 1 1 0 1 1 1 508
block7 754 1 7 400 27 1 1 0 1 1 1 562
block7 755 7 9 400 24 1 1 0 1 7 1 992
block7 747 7 7 50 9 1 1 0 1 7 1 649
block7 751 7 3 400 9 1 1 0 1 7 1 350
block7 753 7 7 400 12 1 1 0 1 7 1 416
block7 752 1 3 400 24 1 1 0 1 1 1 359
block7 745 7 3 50 25 1 1 0 1 7 1 413
block7 766 1 7 400 25 1 1 0 1 1 1 1059
block7 764 1 3 400 21 1 1 0 1 1 1 418
block7 759 7 7 50 20 1 1 0 1 7 1 541
block7 765 7 7 400 24 1 1 0 1 7 1 820
block7 761 7 9 50 9 1 1 0 1 7 1 511
block7 767 7 9 400 9 1 1 0 1 7 1 442
block7 758 1 3 50 14 1 1 0 1 1 1 442
block7 768 1 9 400 11 1 1 0 1 1 1 578
block7 763 7 3 400 9 1 1 0 1 7 1 386
block7 757 7 3 50 13 1 1 0 1 7 1 447
block7 760 1 7 50 14 1 1 0 1 1 1 464
block7 762 1 9 50 25 1 1 0 1 1 1 1315
block7 774 1 9 50 9 1 1 0 1 1 1 1028
block7 773 7 9 50 15 1 1 0 1 7 1 1325
block7 772 1 7 50 9 1 1 0 1 1 1 493
block7 780 1 9 400 27 1 1 0 1 1 1 401
block7 778 1 7 400 17 1 1 0 1 1 1 436
block7 770 1 3 50 11 1 1 0 1 1 1 372
block7 769 7 3 50 12 1 1 0 1 7 1 395
block7 776 1 3 400 8 1 1 0 1 1 1 348
block7 771 7 7 50 11 1 1 0 1 7 1 703
block7 777 7 7 400 9 1 1 0 1 7 1 663
block7 775 7 3 400 13 1 1 0 1 7 1 480
block7 779 7 9 400 20 1 1 0 1 7 1 806
block7 788 1 3 400 20 1 1 0 1 1 1 736
block7 784 1 7 50 17 1 1 0 1 1 1 577
block7 786 1 9 50 13 1 1 0 1 1 1 1267
block7 791 7 9 400 9 1 1 0 1 7 1 638
block7 782 1 3 50 12 1 1 0 1 1 1 663
block7 792 1 9 400 24 1 1 0 1 1 1 862
block7 787 7 3 400 17 1 1 0 1 7 1 455
block7 790 1 7 400 13 1 1 0 1 1 1 408
block7 783 7 7 50 20 1 1 0 1 7 1 630
block7 785 7 9 50 12 1 1 0 1 7 1 1076
block7 781 7 3 50 17 1 1 0 1 7 1 433
block7 789 7 7 400 25 1 1 0 1 7 1 952
block7 793 7 3 50 11 1 1 0 1 7 1 411
block7 795 7 7 50 14 1 1 0 1 7 1 531
block7 804 1 9 400 15 1 1 0 1 1 1 906
block7 800 1 3 400 20 1 1 0 1 1 1 450
block7 802 1 7 400 24 1 1 0 1 1 1 453
block7 797 7 9 50 11 1 1 0 1 7 1 917
block7 794 1 3 50 14 1 1 0 1 1 1 428
block7 796 1 7 50 9 1 1 0 1 1 1 1391
block7 799 7 3 400 8 1 1 0 1 7 1 438
block7 798 1 9 50 20 1 1 0 1 1 1 492
block7 801 7 7 400 14 1 1 0 1 7 1 604
block7 803 7 9 400 14 1 1 0 1 7 1 561
block7 806 1 3 50 8 1 1 0 1 1 1 1008
block7 811 7 3 400 25 1 1 0 1 7 1 517
block7 810 1 9 50 9 1 1 0 1 1 1 574
block7 815 7 9 400 21 1 1 0 1 7 1 1233
block7 807 7 7 50 25 1 1 0 1 7 1 533
block7 812 1 3 400 27 1 1 0 1 1 1 314
block7 814 1 7 400 15 1 1 0 1 1 1 930
block7 813 7 7 400 11 1 1 0 1 7 1 588
block7 809 7 9 50 9 1 1 0 1 7 1 1251
block7 808 1 7 50 27 1 1 0 1 1 1 487
block7 805 7 3 50 24 1 1 0 1 7 1 678
block7 816 1 9 400 25 1 1 0 1 1 1 416
block7 823 7 3 400 21 1 1 0 1 7 1 424
block7 817 7 3 50 11 1 1 0 1 7 1 1315
block7 826 1 7 400 13 1 1 0 1 1 1 631
block7 820 1 7 50 13 1 1 0 1 1 1 704
block7 827 7 9 400 11 1 1 0 1 7 1 581
block7 819 7 7 50 8 1 1 0 1 7 1 701
block7 822 1 9 50 21 1 1 0 1 1 1 1101
block7 824 1 3 400 24 1 1 0 1 1 1 523
block7 821 7 9 50 27 1 1 0 1 7 1 450
block7 825 7 7 400 17 1 1 0 1 7 1 450
block7 828 1 9 400 15 1 1 0 1 1 1 459
block7 818 1 3 50 20 1 1 0 1 7 2 1017
block7 839 7 9 400 12 1 1 0 1 7 1 628
block7 837 7 7 400 12 1 1 0 1 7 1 694
block7 834 1 9 50 21 1 1 0 1 1 1 1051
block7 838 1 7 400 14 1 1 0 1 1 1 786
block7 830 1 3 50 14 1 1 0 1 1 1 452
block7 836 1 3 400 27 1 1 0 1 1 1 397
block7 831 7 7 50 17 1 1 0 1 7 1 405
block7 832 1 7 50 20 1 1 0 1 1 1 381
block7 840 1 9 400 15 1 1 0 1 1 1 543
block7 835 7 3 400 17 1 1 0 1 7 1 428
block7 829 7 3 50 12 1 1 0 1 7 1 551
block7 833 7 9 50 15 1 1 0 1 7 1 688
block7 848 1 3 400 24 1 1 0 1 1 1 346
block7 847 7 3 400 25 1 1 0 1 7 1 538
block7 852 1 9 400 25 1 1 0 1 1 1 791
block7 844 1 7 50 27 1 1 0 1 1 1 1008
block7 846 1 9 50 12 1 1 0 1 1 1 653
block7 845 7 9 50 9 1 1 0 1 7 1 1461
block7 849 7 7 400 25 1 1 0 1 1 2 1188
block7 842 1 3 50 27 1 1 0 1 1 1 426
block7 843 7 7 50 27 1 1 0 1 7 1 442
block7 851 7 9 400 27 1 1 0 1 7 1 737
block7 841 7 3 50 17 1 1 0 1 7 1 482
block7 850 1 7 400 21 1 1 0 1 1 1 580
block8 863 7 9 400 11 1 1 0 1 1 2 2977
block8 862 1 7 400 24 1 1 0 1 1 1 681
block8 856 1 7 50 11 1 1 0 1 1 1 424
block8 864 1 9 400 14 1 1 0 1 7 2 743
block8 854 1 3 50 15 1 1 0 1 1 1 533
block8 858 1 9 50 20 1 1 0 1 1 1 452
block8 861 7 7 400 21 1 1 0 1 7 1 2715
block8 857 7 9 50 11 1 1 0 1 7 1 838
block8 860 1 3 400 15 1 1 0 1 1 1 366
block8 853 7 3 50 8 1 1 0 1 7 1 676
block8 855 7 7 50 15 1 1 0 1 7 1 1143
block8 859 7 3 400 12 1 1 0 1 7 1 576
block8 873 7 7 400 14 1 1 0 1 7 1 647
block8 872 1 3 400 15 1 1 0 1 1 1 475
block8 875 7 9 400 14 1 1 0 1 7 1 1393
block8 871 7 3 400 21 1 1 0 1 7 1 590
block8 867 7 7 50 25 1 1 0 1 7 1 991
block8 876 1 9 400 12 1 1 0 1 1 1 579
block8 870 1 9 50 27 1 1 0 1 1 1 489
block8 868 1 7 50 14 1 1 0 1 1 1 536
block8 865 7 3 50 27 1 1 0 1 7 1 449
block8 874 1 7 400 20 1 1 0 1 1 1 415
block8 866 1 3 50 17 1 1 0 1 1 1 410
block8 869 7 9 50 12 1 1 0 1 7 1 1037
block8 880 1 7 50 14 1 1 0 1 1 1 599
block8 883 7 3 400 27 1 1 0 1 7 1 439
block8 878 1 3 50 24 1 1 0 1 1 1 491
block8 882 1 9 50 24 1 1 0 1 1 1 668
block8 887 7 9 400 20 1 1 0 1 7 1 810
block8 879 7 7 50 15 1 1 0 1 7 1 437
block8 885 7 7 400 13 1 1 0 1 7 1 747
block8 886 1 7 400 12 1 1 0 1 1 1 988
block8 888 1 9 400 15 1 1 0 1 1 1 867
block8 877 7 3 50 24 1 1 0 1 7 1 1076
block8 884 1 3 400 9 1 1 0 1 1 1 499
block8 881 7 9 50 12 1 1 0 1 7 1 1137
block8 889 7 3 50 27 1 1 0 1 7 1 446
block8 894 1 9 50 13 1 1 0 1 1 1 721
block8 896 1 3 400 25 1 1 0 1 1 1 663
block8 898 1 7 400 21 1 1 0 1 1 1 859
block8 899 7 9 400 13 1 1 0 1 7 1 588
block8 897 7 7 400 15 1 1 0 1 7 1 716
block8 893 7 9 50 27 1 1 0 1 7 1 1132
block8 892 1 7 50 21 1 1 0 1 1 1 569
block8 891 7 7 50 24 1 1 0 1 7 1 761
block8 890 1 3 50 12 1 1 0 1 1 1 473
block8 900 1 9 400 12 1 1 0 1 1 1 887
block8 895 7 3 400 17 1 1 0 1 7 1 592
block8 909 7 7 400 24 1 1 0 1 7 1 554
block8 908 1 3 400 8 1 1 0 1 1 1 436
block8 911 7 9 400 14 1 1 0 1 7 1 527
block8 912 1 9 400 24 1 1 0 1 1 1 768
block8 902 1 3 50 11 1 1 0 1 1 1 488
block8 903 7 7 50 25 1 1 0 1 7 1 630
block8 901 7 3 50 8 1 1 0 1 7 1 461
block8 906 1 9 50 21 1 1 0 1 1 1 520
block8 910 1 7 400 15 1 1 0 1 1 1 691
block8 905 7 9 50 14 1 1 0 1 7 1 551
block8 907 7 3 400 14 1 1 0 1 7 1 880
block8 904 1 7 50 12 1 1 0 1 1 1 498
block8 913 7 3 50 25 1 1 0 1 7 1 697
block8 921 7 7 400 13 1 1 0 1 7 1 528
block8 922 1 7 400 15 1 1 0 1 1 1 638
block8 924 1 9 400 20 1 1 0 1 1 1 651
block8 918 1 9 50 27 1 1 0 1 1 1 827
block8 915 7 7 50 20 1 1 0 1 7 1 699
block8 916 1 7 50 14 1 1 0 1 1 1 2395
block8 919 7 3 400 27 1 1 0 1 7 1 864
block8 920 1 3 400 14 1 1 0 1 1 1 527
block8 917 7 9 50 17 1 1 0 1 7 1 458
block8 923 7 9 400 27 1 1 0 1 7 1 519
block8 914 1 3 50 17 1 1 0 1 1 1 524
block8 936 1 9 400 20 1 1 0 1 1 1 1490
block8 935 7 9 400 8 1 1 0 1 7 1 544
block8 931 7 3 400 25 1 1 0 1 1 2 975
block8 927 7 7 50 8 1 1 0 1 7 1 578
block8 930 1 9 50 9 1 1 0 1 1 1 805
block8 928 1 7 50 8 1 1 0 1 1 1 870
block8 933 7 7 400 11 1 1 0 1 7 1 510
block8 925 7 3 50 20 1 1 0 1 7 1 710
block8 932 1 3 400 27 1 1 0 1 1 1 384
block8 934 1 7 400 21 1 1 0 1 1 1 861
block8 929 7 9 50 15 1 1 0 1 7 1 1636
block8 926 1 3 50 15 1 1 0 1 1 1 500
block8 941 7 9 50 8 1 1 0 1 7 1 927
block8 947 7 9 400 15 1 1 0 1 7 1 703
block8 946 1 7 400 24 1 1 0 1 1 1 540
block8 938 1 3 50 21 1 1 0 1 1 1 626
block8 943 7 3 400 21 1 1 0 1 7 1 616
block8 939 7 7 50 9 1 1 0 1 7 1 561
block8 944 1 3 400 13 1 1 0 1 1 1 465
block8 948 1 9 400 14 1 1 0 1 1 1 524
block8 940 1 7 50 25 1 1 0 1 1 1 585
block8 945 7 7 400 13 1 1 0 1 7 1 552
block8 937 7 3 50 27 1 1 0 1 7 1 452
block8 942 1 9 50 25 1 1 0 1 1 1 507
block8 956 1 3 400 24 1 1 0 1 7 2 416
block8 949 7 3 50 13 1 1 0 1 7 1 494
block8 950 1 3 50 25 1 1 0 1 1 1 687
block8 953 7 9 50 20 1 1 0 1 7 1 1067
block8 951 7 7 50 9 1 1 0 1 7 1 790
block8 954 1 9 50 9 1 1 0 1 1 1 1148
block8 955 7 3 400 27 1 1 0 1 7 1 530
block8 958 1 7 400 24 1 1 0 1 1 1 475
block8 957 7 7 400 13 1 1 0 1 7 1 819
block8 959 7 9 400 14 1 1 0 1 7 1 487
block8 952 1 7 50 21 1 1 0 1 1 1 839
block8 960 1 9 400 8 1 1 0 1 1 1 431
block8 962 1 3 50 21 1 1 0 1 1 1 464
block8 961 7 3 50 12 1 1 0 1 7 1 434
block8 968 1 3 400 25 1 1 0 1 1 1 483
block8 969 7 7 400 24 1 1 0 1 7 1 808
block8 971 7 9 400 9 1 1 0 1 7 1 816
block8 966 1 9 50 17 1 1 0 1 1 1 421
block8 967 7 3 400 9 1 1 0 1 7 1 389
block8 970 1 7 400 11 1 1 0 1 1 1 590
block8 965 7 9 50 17 1 1 0 1 7 1 1173
block8 972 1 9 400 20 1 1 0 1 1 1 886
block8 963 7 7 50 11 1 1 0 1 7 1 1401
block8 964 1 7 50 12 1 1 0 1 7 2 552
block9 983 7 9 400 24 1 1 0 1 7 1 1282
block9 977 7 9 50 25 1 1 0 1 7 1 703
block9 973 7 3 50 25 1 1 0 1 7 1 418
block9 981 7 7 400 17 1 1 0 1 7 1 368
block9 979 7 3 400 9 1 1 0 1 7 1 400
block9 978 1 9 50 24 1 1 0 1 1 1 883
block9 974 1 3 50 24 1 1 0 1 1 1 428
block9 975 7 7 50 21 1 1 0 1 7 1 757
block9 982 1 7 400 15 1 1 0 1 1 1 789
block9 976 1 7 50 14 1 1 0 1 1 1 803
block9 984 1 9 400 14 1 1 0 1 1 1 823
block9 980 1 3 400 8 1 1 0 1 1 1 451
block9 988 1 7 50 21 1 1 0 1 1 1 638
block9 992 1 3 400 25 1 1 0 1 1 1 420
block9 993 7 7 400 24 1 1 0 1 7 1 1083
block9 989 7 9 50 15 1 1 0 1 7 1 677
block9 990 1 9 50 15 1 1 0 1 1 1 862
block9 994 1 7 400 15 1 1 0 1 1 1 1069
block9 987 7 7 50 9 1 1 0 1 7 1 775
block9 996 1 9 400 17 1 1 0 1 1 1 414
block9 985 7 3 50 12 1 1 0 1 7 1 485
block9 991 7 3 400 15 1 1 0 1 7 1 639
block9 995 7 9 400 12 1 1 0 1 7 1 597
block9 986 1 3 50 27 1 1 0 1 1 1 541
block9 1002 1 9 50 12 1 1 0 1 1 1 603
block9 1006 1 7 400 17 1 1 0 1 1 1 407
block9 1001 7 9 50 25 1 1 0 1 7 1 493
block9 997 7 3 50 14 1 1 0 1 7 1 478
block9 1003 7 3 400 14 1 1 0 1 7 1 1326
block9 999 7 7 50 21 1 1 0 1 7 1 615
block9 1008 1 9 400 17 1 1 0 1 1 1 336
block9 1004 1 3 400 9 1 1 0 1 7 2 414
block9 1000 1 7 50 17 1 1 0 1 1 1 477
block9 1007 7 9 400 25 1 1 0 1 7 1 944
block9 1005 7 7 400 21 1 1 0 1 7 1 1006
block9 998 1 3 50 15 1 1 0 1 1 1 1737
block9 1019 7 9 400 20 1 1 0 1 7 1 684
block9 1016 1 3 400 12 1 1 0 1 1 1 443
block9 1012 1 7 50 12 1 1 0 1 1 1 488
block9 1020 1 9 400 14 1 1 0 1 7 2 481
block9 1011 7 7 50 8 1 1 0 1 1 2 1026
block9 1017 7 7 400 21 1 1 0 1 7 1 585
block9 1009 7 3 50 27 1 1 0 1 7 1 505
block9 1018 1 7 400 12 1 1 0 1 1 1 673
block9 1014 1 9 50 9 1 1 0 1 1 1 520
block9 1010 1 3 50 12 1 1 0 1 1 1 503
block9 1015 7 3 400 15 1 1 0 1 7 1 615
block9 1013 7 9 50 27 1 1 0 1 7 1 1006
block9 1027 7 3 400 14 1 1 0 1 7 1 474
block9 1029 7 7 400 15 1 1 0 1 7 1 652
block9 1024 1 7 50 24 1 1 0 1 1 1 1025
block9 1031 7 9 400 14 1 1 0 1 7 1 492
block9 1032 1 9 400 15 1 1 0 1 1 1 1528
block9 1025 7 9 50 24 1 1 0 1 7 1 802
block9 1028 1 3 400 11 1 1 0 1 1 1 744
block9 1022 1 3 50 13 1 1 0 1 1 1 497
block9 1021 7 3 50 20 1 1 0 1 7 1 466
block9 1026 1 9 50 21 1 1 0 1 1 1 946
block9 1023 7 7 50 20 1 1 0 1 7 1 563
block9 1030 1 7 400 14 1 1 0 1 1 1 589
block9 1042 1 7 400 27 1 1 0 1 1 1 707
block9 1037 7 9 50 13 1 1 0 1 7 1 1399
block9 1044 1 9 400 24 1 1 0 1 7 2 1186
block9 1034 1 3 50 13 1 1 0 1 1 1 1180
block9 1038 1 9 50 27 1 1 0 1 1 1 585
block9 1043 7 9 400 12 1 1 0 1 7 1 803
block9 1039 7 3 400 21 1 1 0 1 1 2 707
block9 1040 1 3 400 8 1 1 0 1 7 2 903
block9 1035 7 7 50 8 1 1 0 1 7 1 1021
block9 1036 1 7 50 8 1 1 0 1 1 1 733
block9 1041 7 7 400 9 1 1 0 1 7 1 813
block9 1033 7 3 50 24 1 1 0 1 7 1 594
block9 1045 7 3 50 27 1 1 0 1 7 1 389
block9 1048 1 7 50 9 1 1 0 1 1 1 1591
block9 1050 1 9 50 12 1 1 0 1 1 1 829
block9 1054 1 7 400 8 1 1 0 1 1 1 718
block9 1053 7 7 400 27 1 1 0 1 7 1 906
block9 1055 7 9 400 8 1 1 0 1 7 1 1555
block9 1047 7 7 50 24 1 1 0 1 7 1 955
block9 1049 7 9 50 27 1 1 0 1 7 1 457
block9 1056 1 9 400 27 1 1 0 1 1 1 578
block9 1051 7 3 400 27 1 1 0 1 7 1 350
block9 1046 1 3 50 9 1 1 0 1 1 1 531
block9 1052 1 3 400 27 1 1 0 1 1 1 347
block9 1065 7 7 400 9 1 1 0 1 7 1 1743
block9 1062 1 9 50 14 1 1 0 1 1 1 436
block9 1057 7 3 50 15 1 1 0 1 7 1 465
block9 1067 7 9 400 20 1 1 0 1 7 1 1269
block9 1063 7 3 400 14 1 1 0 1 7 1 501
block9 1068 1 9 400 8 1 1 0 1 7 2 1234
block9 1060 1 7 50 27 1 1 0 1 1 1 428
block9 1059 7 7 50 21 1 1 0 1 7 1 390
block9 1061 7 9 50 12 1 1 0 1 7 1 626
block9 1058 1 3 50 21 1 1 0 1 1 1 473
block9 1066 1 7 400 11 1 1 0 1 1 1 521
block9 1064 1 3 400 17 1 1 0 1 1 1 345
block9 1069 7 3 50 27 1 1 0 1 7 1 713
block9 1075 7 3 400 12 1 1 0 1 7 1 393
block9 1079 7 9 400 24 1 1 0 1 7 1 721
block9 1076 1 3 400 27 1 1 0 1 1 1 345
block9 1074 1 9 50 11 1 1 0 1 1 1 1031
block9 1077 7 7 400 17 1 1 0 1 7 1 436
block9 1070 1 3 50 14 1 1 0 1 1 1 571
block9 1073 7 9 50 27 1 1 0 1 7 1 557
block9 1080 1 9 400 13 1 1 0 1 1 1 581
block9 1078 1 7 400 14 1 1 0 1 1 1 685
block9 1072 1 7 50 17 1 1 0 1 1 1 457
block9 1071 7 7 50 8 1 1 0 1 7 1 558
block9 1087 7 3 400 13 1 1 0 1 7 1 442
block9 1088 1 3 400 27 1 1 0 1 1 1 498
block9 1090 1 7 400 17 1 1 0 1 1 1 543
block9 1081 7 3 50 9 1 1 0 1 7 1 652
block9 1085 7 9 50 25 1 1 0 1 7 1 1104
block9 1091 7 9 400 17 1 1 0 1 7 1 481
block9 1084 1 7 50 21 1 1 0 1 1 1 577
block9 1083 7 7 50 8 1 1 0 1 7 1 509
block9 1092 1 9 400 21 1 1 0 1 1 1 1475
block9 1089 7 7 400 20 1 1 0 1 7 1 524
block9 1086 1 9 50 8 1 1 0 1 1 1 1007
block9 1082 1 3 50 11 1 1 0 1 1 1 628
block10 1102 1 7 400 15 1 1 0 1 1 1 568
block10 1098 1 9 50 21 1 1 0 1 1 1 831
block10 1099 7 3 400 17 1 1 0 1 7 1 381
block10 1096 1 7 50 20 1 1 0 1 1 1 480
block10 1100 1 3 400 13 1 1 0 1 1 1 353
block10 1094 1 3 50 14 1 1 0 1 1 1 403
block10 1093 7 3 50 11 1 1 0 1 7 1 377
block10 1095 7 7 50 20 1 1 0 1 7 1 499
block10 1097 7 9 50 12 1 1 0 1 7 1 426
block10 1103 7 9 400 21 1 1 0 1 7 1 569
block10 1104 1 9 400 21 1 1 0 1 1 1 1015
block10 1101 7 7 400 27 1 1 0 1 7 1 405
block10 1115 7 9 400 11 1 1 0 1 7 1 378
block10 1106 1 3 50 20 1 1 0 1 1 1 377
block10 1112 1 3 400 17 1 1 0 1 1 1 371
block10 1116 1 9 400 24 1 1 0 1 1 1 461
block10 1108 1 7 50 15 1 1 0 1 1 1 534
block10 1105 7 3 50 24 1 1 0 1 7 1 386
block10 1109 7 9 50 25 1 1 0 1 7 1 438
block10 1107 7 7 50 12 1 1 0 1 7 1 616
block10 1110 1 9 50 17 1 1 0 1 1 1 400
block10 1114 1 7 400 25 1 1 0 1 1 1 414
block10 1111 7 3 400 14 1 1 0 1 7 1 364
block10 1113 7 7 400 12 1 1 0 1 7 1 610
block10 1125 7 7 400 25 1 1 0 1 7 1 473
block10 1124 1 3 400 11 1 1 0 1 1 1 528
block10 1118 1 3 50 9 1 1 0 1 1 1 918
block10 1122 1 9 50 25 1 1 0 1 1 1 446
block10 1117 7 3 50 24 1 1 0 1 7 1 426
block10 1119 7 7 50 13 1 1 0 1 7 1 402
block10 1121 7 9 50 17 1 1 0 1 7 1 431
block10 1127 7 9 400 14 1 1 0 1 7 1 1031
block10 1123 7 3 400 27 1 1 0 1 7 1 396
block10 1128 1 9 400 12 1 1 0 1 1 1 564
block10 1120 1 7 50 27 1 1 0 1 7 2 540
block10 1126 1 7 400 14 1 1 0 1 1 1 632
block10 1131 7 7 50 13 1 1 0 1 7 1 334
block10 1138 1 7 400 17 1 1 0 1 1 1 465
block10 1135 7 3 400 13 1 1 0 1 7 1 335
block10 1134 1 9 50 17 1 1 0 1 1 1 437
block10 1129 7 3 50 21 1 1 0 1 7 1 472
block10 1137 7 7 400 25 1 1 0 1 7 1 558
block10 1139 7 9 400 13 1 1 0 1 1 2 1520
block10 1130 1 3 50 14 1 1 0 1 1 1 532
block10 1140 1 9 400 24 1 1 0 1 7 2 1568
block10 1133 7 9 50 25 1 1 0 1 7 1 544
block10 1132 1 7 50 20 1 1 0 1 1 1 350
block10 1136 1 3 400 11 1 1 0 1 7 2 375
block10 1152 1 9 400 14 1 1 0 1 1 1 679
block10 1141 7 3 50 13 1 1 0 1 7 1 434
block10 1147 7 3 400 24 1 1 0 1 7 1 468
block10 1146 1 9 50 11 1 1 0 1 1 1 1214
block10 1148 1 3 400 8 1 1 0 1 1 1 504
block10 1142 1 3 50 14 1 1 0 1 1 1 411
block10 1149 7 7 400 17 1 1 0 1 7 1 492
block10 1150 1 7 400 13 1 1 0 1 1 1 1293
block10 1143 7 7 50 9 1 1 0 1 7 1 692
block10 1144 1 7 50 8 1 1 0 1 1 1 479
block10 1151 7 9 400 17 1 1 0 1 7 1 525
block10 1145 7 9 50 25 1 1 0 1 1 2 483
block10 1158 1 9 50 14 1 1 0 1 1 1 499
block10 1163 7 9 400 11 1 1 0 1 7 1 521
block10 1157 7 9 50 24 1 1 0 1 1 2 405
block10 1156 1 7 50 20 1 1 0 1 1 1 509
block10 1161 7 7 400 12 1 1 0 1 7 1 647
block10 1154 1 3 50 14 1 1 0 1 1 1 497
block10 1159 7 3 400 12 1 1 0 1 7 1 474
block10 1153 7 3 50 11 1 1 0 1 7 1 461
block10 1162 1 7 400 15 1 1 0 1 1 1 836
block10 1160 1 3 400 14 1 1 0 1 1 1 423
block10 1155 7 7 50 13 1 1 0 1 7 1 734
block10 1164 1 9 400 24 1 1 0 1 1 1 905
block10 1171 7 3 400 20 1 1 0 1 7 1 367
block10 1173 7 7 400 25 1 1 0 1 7 1 986
block10 1176 1 9 400 20 1 1 0 1 1 1 432
block10 1167 7 7 50 25 1 1 0 1 7 1 844
block10 1172 1 3 400 25 1 1 0 1 1 1 413
block10 1166 1 3 50 20 1 1 0 1 1 1 391
block10 1169 7 9 50 15 1 1 0 1 7 1 495
block10 1170 1 9 50 17 1 1 0 1 1 1 393
block10 1174 1 7 400 15 1 1 0 1 7 2 808
block10 1165 7 3 50 25 1 1 0 1 7 1 428
block10 1175 7 9 400 14 1 1 0 1 7 1 592
block10 1168 1 7 50 20 1 1 0 1 1 1 398
block10 1186 1 7 400 24 1 1 0 1 1 1 706
block10 1182 1 9 50 25 1 1 0 1 1 1 423
block10 1181 7 9 50 14 1 1 0 1 7 1 498
block10 1187 7 9 400 13 1 1 0 1 1 2 743
block10 1184 1 3 400 8 1 1 0 1 1 1 459
block10 1180 1 7 50 24 1 1 0 1 1 1 505
block10 1179 7 7 50 9 1 1 0 1 7 1 660
block10 1188 1 9 400 20 1 1 0 1 1 1 405
block10 1178 1 3 50 15 1 1 0 1 1 1 414
block10 1185 7 7 400 21 1 1 0 1 7 1 861
block10 1183 7 3 400 8 1 1 0 1 7 1 642
block10 1177 7 3 50 27 1 1 0 1 7 1 815
block10 1189 7 3 50 27 1 1 0 1 7 1 454
block10 1200 1 9 400 15 1 1 0 1 1 1 1063
block10 1196 1 3 400 8 1 1 0 1 1 1 528
block10 1199 7 9 400 9 1 1 0 1 7 1 540
block10 1191 7 7 50 8 1 1 0 1 1 2 1269
block10 1195 7 3 400 17 1 1 0 1 7 1 437
block10 1193 7 9 50 25 1 1 0 1 7 1 541
block10 1194 1 9 50 21 1 1 0 1 1 1 717
block10 1197 7 7 400 20 1 1 0 1 7 1 467
block10 1192 1 7 50 20 1 1 0 1 1 1 450
block10 1190 1 3 50 13 1 1 0 1 1 1 474
block10 1198 1 7 400 15 1 1 0 1 1 1 468
block10 1209 7 7 400 11 1 1 0 1 7 1 760
block10 1211 7 9 400 15 1 1 0 1 7 1 665
block10 1205 7 9 50 9 1 1 0 1 7 1 536
block10 1201 7 3 50 27 1 1 0 1 1 2 1180
block10 1204 1 7 50 9 1 1 0 1 1 1 1062
block10 1202 1 3 50 17 1 1 0 1 1 1 460
block10 1212 1 9 400 8 1 1 0 1 1 1 692
block10 1208 1 3 400 24 1 1 0 1 7 2 915
block10 1206 1 9 50 21 1 1 0 1 1 1 1372
block10 1210 1 7 400 24 1 1 0 1 1 1 775
block10 1207 7 3 400 9 1 1 0 1 7 1 449
block10 1203 7 7 50 11 1 1 0 1 7 1 833
